1	2	4	3
1	2	5	4
1	2	6	5
1	2	7	6
1	2	8	7
1	2	9	8
1	3	7	5
1	3	9	7
1	3	11	9
1	3	13	11
1	3	15	13
1	3	17	15
1	4	10	7
1	4	13	10
1	4	16	13
1	4	19	16
1	4	22	19
1	4	25	22
1	5	13	9
1	5	17	13
1	5	21	17
1	5	25	21
1	5	29	25
1	5	33	29
1	5	65	29
1	6	16	11
1	6	21	16
1	6	26	21
1	6	31	26
1	6	36	31
1	6	41	36
1	6	68	31
1	6	73	68
1	7	19	13
1	7	25	19
1	7	31	25
1	7	37	31
1	7	43	37
1	7	49	43
1	7	69	31
1	7	75	69
1	7	81	75
1	8	22	15
1	8	29	22
1	8	36	29
1	8	43	36
1	8	50	43
1	8	57	50
1	8	68	29
1	8	75	68
1	8	82	75
1	8	89	82
2	3	5	4
2	3	6	5
2	3	7	6
2	3	8	7
2	3	9	8
2	3	10	9
2	4	8	6
2	4	10	8
2	4	12	10
2	4	14	12
2	4	16	14
2	4	18	16
2	5	11	8
2	5	14	11
2	5	17	14
2	5	20	17
2	5	23	20
2	5	26	23
2	6	14	10
2	6	18	14
2	6	22	18
2	6	26	22
2	6	30	26
2	6	34	30
2	6	66	30
2	7	17	12
2	7	22	17
2	7	27	22
2	7	32	27
2	7	37	32
2	7	42	37
2	7	69	32
2	7	74	69
2	8	20	14
2	8	26	20
2	8	32	26
2	8	38	32
2	8	44	38
2	8	50	44
2	8	70	32
2	8	76	70
2	8	82	76
2	9	23	16
2	9	30	23
2	9	37	30
2	9	44	37
2	9	51	44
2	9	58	51
2	9	69	30
2	9	76	69
2	9	83	76
2	9	90	83
3	4	6	5
3	4	7	6
3	4	8	7
3	4	9	8
3	4	10	9
3	4	11	10
3	5	9	7
3	5	11	9
3	5	13	11
3	5	15	13
3	5	17	15
3	5	19	17
3	6	12	9
3	6	15	12
3	6	18	15
3	6	21	18
3	6	24	21
3	6	27	24
3	7	15	11
3	7	19	15
3	7	23	19
3	7	27	23
3	7	31	27
3	7	35	31
3	7	67	31
3	8	18	13
3	8	23	18
3	8	28	23
3	8	33	28
3	8	38	33
3	8	43	38
3	8	65	28
3	8	70	65
3	8	75	70
3	9	21	15
3	9	27	21
3	9	33	27
3	9	39	33
3	9	45	39
3	9	51	45
3	9	65	27
3	9	71	65
3	9	77	71
3	9	83	77
3	10	24	17
3	10	31	24
3	10	38	31
3	10	45	38
3	10	52	45
3	10	59	52
3	10	70	31
3	10	77	70
3	10	84	77
3	10	91	84
4	5	7	6
4	5	8	7
4	5	9	8
4	5	10	9
4	5	11	10
4	5	12	11
4	6	10	8
4	6	12	10
4	6	14	12
4	6	16	14
4	6	18	16
4	6	20	18
4	7	13	10
4	7	16	13
4	7	19	16
4	7	22	19
4	7	25	22
4	7	28	25
4	8	16	12
4	8	20	16
4	8	24	20
4	8	28	24
4	8	32	28
4	8	36	32
4	8	68	32
4	9	19	14
4	9	24	19
4	9	29	24
4	9	34	29
4	9	39	34
4	9	44	39
4	9	66	29
4	9	71	66
4	9	76	71
4	10	22	16
4	10	28	22
4	10	34	28
4	10	40	34
4	10	46	40
4	10	52	46
4	10	66	28
4	10	72	66
4	10	78	72
4	10	84	78
4	11	25	18
4	11	32	25
4	11	39	32
4	11	46	39
4	11	53	46
4	11	60	53
4	11	71	32
4	11	78	71
4	11	85	78
4	11	92	85
5	6	8	7
5	6	9	8
5	6	10	9
5	6	11	10
5	6	12	11
5	6	13	12
5	7	11	9
5	7	13	11
5	7	15	13
5	7	17	15
5	7	19	17
5	7	21	19
5	8	14	11
5	8	17	14
5	8	20	17
5	8	23	20
5	8	26	23
5	8	29	26
5	9	17	13
5	9	21	17
5	9	25	21
5	9	29	25
5	9	33	29
5	9	37	33
5	9	65	29
5	9	69	65
5	10	20	15
5	10	25	20
5	10	30	25
5	10	35	30
5	10	40	35
5	10	45	40
5	10	67	30
5	10	72	67
5	10	77	72
5	11	23	17
5	11	29	23
5	11	35	29
5	11	41	35
5	11	47	41
5	11	53	47
5	11	67	29
5	11	73	67
5	11	79	73
5	11	85	79
5	12	26	19
5	12	33	26
5	12	40	33
5	12	47	40
5	12	54	47
5	12	61	54
5	12	65	26
5	12	72	65
5	12	79	72
5	12	86	79
5	12	93	86
6	7	9	8
6	7	10	9
6	7	11	10
6	7	12	11
6	7	13	12
6	7	14	13
6	8	12	10
6	8	14	12
6	8	16	14
6	8	18	16
6	8	20	18
6	8	22	20
6	9	15	12
6	9	18	15
6	9	21	18
6	9	24	21
6	9	27	24
6	9	30	27
6	10	18	14
6	10	22	18
6	10	26	22
6	10	30	26
6	10	34	30
6	10	38	34
6	10	66	30
6	10	70	66
6	11	21	16
6	11	26	21
6	11	31	26
6	11	36	31
6	11	41	36
6	11	46	41
6	11	68	31
6	11	73	68
6	11	78	73
6	12	24	18
6	12	30	24
6	12	36	30
6	12	42	36
6	12	48	42
6	12	54	48
6	12	68	30
6	12	74	68
6	12	80	74
6	12	86	80
6	13	27	20
6	13	34	27
6	13	41	34
6	13	48	41
6	13	55	48
6	13	62	55
6	13	66	27
6	13	73	66
6	13	80	73
6	13	87	80
6	13	94	87
7	8	10	9
7	8	11	10
7	8	12	11
7	8	13	12
7	8	14	13
7	8	15	14
7	9	13	11
7	9	15	13
7	9	17	15
7	9	19	17
7	9	21	19
7	9	23	21
7	10	16	13
7	10	19	16
7	10	22	19
7	10	25	22
7	10	28	25
7	10	31	28
7	11	19	15
7	11	23	19
7	11	27	23
7	11	31	27
7	11	35	31
7	11	39	35
7	11	67	31
7	11	71	67
7	12	22	17
7	12	27	22
7	12	32	27
7	12	37	32
7	12	42	37
7	12	47	42
7	12	69	32
7	12	74	69
7	12	79	74
7	13	25	19
7	13	31	25
7	13	37	31
7	13	43	37
7	13	49	43
7	13	55	49
7	13	69	31
7	13	75	69
7	13	81	75
7	13	87	81
7	14	28	21
7	14	35	28
7	14	42	35
7	14	49	42
7	14	56	49
7	14	63	56
7	14	67	28
7	14	74	67
7	14	81	74
7	14	88	81
7	14	95	88
8	9	11	10
8	9	12	11
8	9	13	12
8	9	14	13
8	9	15	14
8	9	16	15
8	10	14	12
8	10	16	14
8	10	18	16
8	10	20	18
8	10	22	20
8	10	24	22
8	11	17	14
8	11	20	17
8	11	23	20
8	11	26	23
8	11	29	26
8	11	32	29
8	12	20	16
8	12	24	20
8	12	28	24
8	12	32	28
8	12	36	32
8	12	40	36
8	12	68	32
8	12	72	68
8	13	23	18
8	13	28	23
8	13	33	28
8	13	38	33
8	13	43	38
8	13	48	43
8	13	65	28
8	13	70	65
8	13	75	70
8	13	80	75
8	14	26	20
8	14	32	26
8	14	38	32
8	14	44	38
8	14	50	44
8	14	56	50
8	14	70	32
8	14	76	70
8	14	82	76
8	14	88	82
8	15	29	22
8	15	36	29
8	15	43	36
8	15	50	43
8	15	57	50
8	15	64	57
8	15	68	29
8	15	75	68
8	15	82	75
8	15	89	82
8	15	96	89
9	10	12	11
9	10	13	12
9	10	14	13
9	10	15	14
9	10	16	15
9	10	17	16
9	11	15	13
9	11	17	15
9	11	19	17
9	11	21	19
9	11	23	21
9	11	25	23
9	12	18	15
9	12	21	18
9	12	24	21
9	12	27	24
9	12	30	27
9	12	33	30
9	12	65	30
9	13	21	17
9	13	25	21
9	13	29	25
9	13	33	29
9	13	37	33
9	13	41	37
9	13	65	29
9	13	69	65
9	13	73	69
9	14	24	19
9	14	29	24
9	14	34	29
9	14	39	34
9	14	44	39
9	14	49	44
9	14	66	29
9	14	71	66
9	14	76	71
9	14	81	76
9	15	27	21
9	15	33	27
9	15	39	33
9	15	45	39
9	15	51	45
9	15	57	51
9	15	65	27
9	15	71	65
9	15	77	71
9	15	83	77
9	15	89	83
10	11	13	12
10	11	14	13
10	11	15	14
10	11	16	15
10	11	17	16
10	11	18	17
10	12	16	14
10	12	18	16
10	12	20	18
10	12	22	20
10	12	24	22
10	12	26	24
10	13	19	16
10	13	22	19
10	13	25	22
10	13	28	25
10	13	31	28
10	13	34	31
10	13	66	31
10	14	22	18
10	14	26	22
10	14	30	26
10	14	34	30
10	14	38	34
10	14	42	38
10	14	66	30
10	14	70	66
10	14	74	70
10	15	25	20
10	15	30	25
10	15	35	30
10	15	40	35
10	15	45	40
10	15	50	45
10	15	67	30
10	15	72	67
10	15	77	72
10	15	82	77
10	16	28	22
10	16	34	28
10	16	40	34
10	16	46	40
10	16	52	46
10	16	58	52
10	16	66	28
10	16	72	66
10	16	78	72
10	16	84	78
10	16	90	84
11	12	14	13
11	12	15	14
11	12	16	15
11	12	17	16
11	12	18	17
11	12	19	18
11	13	17	15
11	13	19	17
11	13	21	19
11	13	23	21
11	13	25	23
11	13	27	25
11	14	20	17
11	14	23	20
11	14	26	23
11	14	29	26
11	14	32	29
11	14	35	32
11	14	67	32
11	15	23	19
11	15	27	23
11	15	31	27
11	15	35	31
11	15	39	35
11	15	43	39
11	15	67	31
11	15	71	67
11	15	75	71
11	16	26	21
11	16	31	26
11	16	36	31
11	16	41	36
11	16	46	41
11	16	51	46
11	16	68	31
11	16	73	68
11	16	78	73
11	16	83	78
11	17	29	23
11	17	35	29
11	17	41	35
11	17	47	41
11	17	53	47
11	17	59	53
11	17	67	29
11	17	73	67
11	17	79	73
11	17	85	79
11	17	91	85
12	13	15	14
12	13	16	15
12	13	17	16
12	13	18	17
12	13	19	18
12	13	20	19
12	14	18	16
12	14	20	18
12	14	22	20
12	14	24	22
12	14	26	24
12	14	28	26
12	15	21	18
12	15	24	21
12	15	27	24
12	15	30	27
12	15	33	30
12	15	36	33
12	15	65	30
12	15	68	65
12	16	24	20
12	16	28	24
12	16	32	28
12	16	36	32
12	16	40	36
12	16	44	40
12	16	68	32
12	16	72	68
12	16	76	72
12	17	27	22
12	17	32	27
12	17	37	32
12	17	42	37
12	17	47	42
12	17	52	47
12	17	69	32
12	17	74	69
12	17	79	74
12	17	84	79
12	18	30	24
12	18	36	30
12	18	42	36
12	18	48	42
12	18	54	48
12	18	60	54
12	18	68	30
12	18	74	68
12	18	80	74
12	18	86	80
12	18	92	86
13	14	16	15
13	14	17	16
13	14	18	17
13	14	19	18
13	14	20	19
13	14	21	20
13	15	19	17
13	15	21	19
13	15	23	21
13	15	25	23
13	15	27	25
13	15	29	27
13	16	22	19
13	16	25	22
13	16	28	25
13	16	31	28
13	16	34	31
13	16	37	34
13	16	66	31
13	16	69	66
13	17	25	21
13	17	29	25
13	17	33	29
13	17	37	33
13	17	41	37
13	17	45	41
13	17	65	29
13	17	69	65
13	17	73	69
13	17	77	73
13	18	28	23
13	18	33	28
13	18	38	33
13	18	43	38
13	18	48	43
13	18	53	48
13	18	65	28
13	18	70	65
13	18	75	70
13	18	80	75
13	18	85	80
13	19	31	25
13	19	37	31
13	19	43	37
13	19	49	43
13	19	55	49
13	19	61	55
13	19	69	31
13	19	75	69
13	19	81	75
13	19	87	81
13	19	93	87
14	15	17	16
14	15	18	17
14	15	19	18
14	15	20	19
14	15	21	20
14	15	22	21
14	16	20	18
14	16	22	20
14	16	24	22
14	16	26	24
14	16	28	26
14	16	30	28
14	17	23	20
14	17	26	23
14	17	29	26
14	17	32	29
14	17	35	32
14	17	38	35
14	17	67	32
14	17	70	67
14	18	26	22
14	18	30	26
14	18	34	30
14	18	38	34
14	18	42	38
14	18	46	42
14	18	66	30
14	18	70	66
14	18	74	70
14	18	78	74
14	19	29	24
14	19	34	29
14	19	39	34
14	19	44	39
14	19	49	44
14	19	54	49
14	19	66	29
14	19	71	66
14	19	76	71
14	19	81	76
14	19	86	81
14	20	32	26
14	20	38	32
14	20	44	38
14	20	50	44
14	20	56	50
14	20	62	56
14	20	70	32
14	20	76	70
14	20	82	76
14	20	88	82
14	20	94	88
15	16	18	17
15	16	19	18
15	16	20	19
15	16	21	20
15	16	22	21
15	16	23	22
15	17	21	19
15	17	23	21
15	17	25	23
15	17	27	25
15	17	29	27
15	17	31	29
15	18	24	21
15	18	27	24
15	18	30	27
15	18	33	30
15	18	36	33
15	18	39	36
15	18	65	30
15	18	68	65
15	18	71	68
15	19	27	23
15	19	31	27
15	19	35	31
15	19	39	35
15	19	43	39
15	19	47	43
15	19	67	31
15	19	71	67
15	19	75	71
15	19	79	75
15	20	30	25
15	20	35	30
15	20	40	35
15	20	45	40
15	20	50	45
15	20	55	50
15	20	67	30
15	20	72	67
15	20	77	72
15	20	82	77
15	20	87	82
15	21	33	27
15	21	39	33
15	21	45	39
15	21	51	45
15	21	57	51
15	21	63	57
15	21	65	27
15	21	71	65
15	21	77	71
15	21	83	77
15	21	89	83
15	21	95	89
16	17	19	18
16	17	20	19
16	17	21	20
16	17	22	21
16	17	23	22
16	17	24	23
16	18	22	20
16	18	24	22
16	18	26	24
16	18	28	26
16	18	30	28
16	18	32	30
16	19	25	22
16	19	28	25
16	19	31	28
16	19	34	31
16	19	37	34
16	19	40	37
16	19	66	31
16	19	69	66
16	19	72	69
16	20	28	24
16	20	32	28
16	20	36	32
16	20	40	36
16	20	44	40
16	20	48	44
16	20	68	32
16	20	72	68
16	20	76	72
16	20	80	76
16	21	31	26
16	21	36	31
16	21	41	36
16	21	46	41
16	21	51	46
16	21	56	51
16	21	68	31
16	21	73	68
16	21	78	73
16	21	83	78
16	21	88	83
16	22	34	28
16	22	40	34
16	22	46	40
16	22	52	46
16	22	58	52
16	22	64	58
16	22	66	28
16	22	72	66
16	22	78	72
16	22	84	78
16	22	90	84
16	22	96	90
17	18	20	19
17	18	21	20
17	18	22	21
17	18	23	22
17	18	24	23
17	18	25	24
17	19	23	21
17	19	25	23
17	19	27	25
17	19	29	27
17	19	31	29
17	19	33	31
17	19	65	31
17	20	26	23
17	20	29	26
17	20	32	29
17	20	35	32
17	20	38	35
17	20	41	38
17	20	67	32
17	20	70	67
17	20	73	70
17	21	29	25
17	21	33	29
17	21	37	33
17	21	41	37
17	21	45	41
17	21	49	45
17	21	65	29
17	21	69	65
17	21	73	69
17	21	77	73
17	21	81	77
17	22	32	27
17	22	37	32
17	22	42	37
17	22	47	42
17	22	52	47
17	22	57	52
17	22	69	32
17	22	74	69
17	22	79	74
17	22	84	79
17	22	89	84
18	19	21	20
18	19	22	21
18	19	23	22
18	19	24	23
18	19	25	24
18	19	26	25
18	20	24	22
18	20	26	24
18	20	28	26
18	20	30	28
18	20	32	30
18	20	34	32
18	20	66	32
18	21	27	24
18	21	30	27
18	21	33	30
18	21	36	33
18	21	39	36
18	21	42	39
18	21	65	30
18	21	68	65
18	21	71	68
18	21	74	71
18	22	30	26
18	22	34	30
18	22	38	34
18	22	42	38
18	22	46	42
18	22	50	46
18	22	66	30
18	22	70	66
18	22	74	70
18	22	78	74
18	22	82	78
18	23	33	28
18	23	38	33
18	23	43	38
18	23	48	43
18	23	53	48
18	23	58	53
18	23	65	28
18	23	70	65
18	23	75	70
18	23	80	75
18	23	85	80
18	23	90	85
19	20	22	21
19	20	23	22
19	20	24	23
19	20	25	24
19	20	26	25
19	20	27	26
19	21	25	23
19	21	27	25
19	21	29	27
19	21	31	29
19	21	33	31
19	21	35	33
19	21	65	31
19	21	67	65
19	22	28	25
19	22	31	28
19	22	34	31
19	22	37	34
19	22	40	37
19	22	43	40
19	22	66	31
19	22	69	66
19	22	72	69
19	22	75	72
19	23	31	27
19	23	35	31
19	23	39	35
19	23	43	39
19	23	47	43
19	23	51	47
19	23	67	31
19	23	71	67
19	23	75	71
19	23	79	75
19	23	83	79
19	24	34	29
19	24	39	34
19	24	44	39
19	24	49	44
19	24	54	49
19	24	59	54
19	24	66	29
19	24	71	66
19	24	76	71
19	24	81	76
19	24	86	81
19	24	91	86
20	21	23	22
20	21	24	23
20	21	25	24
20	21	26	25
20	21	27	26
20	21	28	27
20	22	26	24
20	22	28	26
20	22	30	28
20	22	32	30
20	22	34	32
20	22	36	34
20	22	66	32
20	22	68	66
20	23	29	26
20	23	32	29
20	23	35	32
20	23	38	35
20	23	41	38
20	23	44	41
20	23	67	32
20	23	70	67
20	23	73	70
20	23	76	73
20	24	32	28
20	24	36	32
20	24	40	36
20	24	44	40
20	24	48	44
20	24	52	48
20	24	68	32
20	24	72	68
20	24	76	72
20	24	80	76
20	24	84	80
20	25	35	30
20	25	40	35
20	25	45	40
20	25	50	45
20	25	55	50
20	25	60	55
20	25	67	30
20	25	72	67
20	25	77	72
20	25	82	77
20	25	87	82
20	25	92	87
21	22	24	23
21	22	25	24
21	22	26	25
21	22	27	26
21	22	28	27
21	22	29	28
21	23	27	25
21	23	29	27
21	23	31	29
21	23	33	31
21	23	35	33
21	23	37	35
21	23	65	31
21	23	67	65
21	23	69	67
21	24	30	27
21	24	33	30
21	24	36	33
21	24	39	36
21	24	42	39
21	24	45	42
21	24	65	30
21	24	68	65
21	24	71	68
21	24	74	71
21	24	77	74
21	25	33	29
21	25	37	33
21	25	41	37
21	25	45	41
21	25	49	45
21	25	53	49
21	25	65	29
21	25	69	65
21	25	73	69
21	25	77	73
21	25	81	77
21	25	85	81
21	26	36	31
21	26	41	36
21	26	46	41
21	26	51	46
21	26	56	51
21	26	61	56
21	26	68	31
21	26	73	68
21	26	78	73
21	26	83	78
21	26	88	83
21	26	93	88
22	23	25	24
22	23	26	25
22	23	27	26
22	23	28	27
22	23	29	28
22	23	30	29
22	24	28	26
22	24	30	28
22	24	32	30
22	24	34	32
22	24	36	34
22	24	38	36
22	24	66	32
22	24	68	66
22	24	70	68
22	25	31	28
22	25	34	31
22	25	37	34
22	25	40	37
22	25	43	40
22	25	46	43
22	25	66	31
22	25	69	66
22	25	72	69
22	25	75	72
22	25	78	75
22	26	34	30
22	26	38	34
22	26	42	38
22	26	46	42
22	26	50	46
22	26	54	50
22	26	66	30
22	26	70	66
22	26	74	70
22	26	78	74
22	26	82	78
22	26	86	82
22	27	37	32
22	27	42	37
22	27	47	42
22	27	52	47
22	27	57	52
22	27	62	57
22	27	69	32
22	27	74	69
22	27	79	74
22	27	84	79
22	27	89	84
22	27	94	89
23	24	26	25
23	24	27	26
23	24	28	27
23	24	29	28
23	24	30	29
23	24	31	30
23	25	29	27
23	25	31	29
23	25	33	31
23	25	35	33
23	25	37	35
23	25	39	37
23	25	65	31
23	25	67	65
23	25	69	67
23	25	71	69
23	26	32	29
23	26	35	32
23	26	38	35
23	26	41	38
23	26	44	41
23	26	47	44
23	26	67	32
23	26	70	67
23	26	73	70
23	26	76	73
23	26	79	76
23	27	35	31
23	27	39	35
23	27	43	39
23	27	47	43
23	27	51	47
23	27	55	51
23	27	67	31
23	27	71	67
23	27	75	71
23	27	79	75
23	27	83	79
23	27	87	83
23	28	38	33
23	28	43	38
23	28	48	43
23	28	53	48
23	28	58	53
23	28	63	58
23	28	70	65
23	28	75	70
23	28	80	75
23	28	85	80
23	28	90	85
23	28	95	90
24	25	27	26
24	25	28	27
24	25	29	28
24	25	30	29
24	25	31	30
24	25	32	31
24	26	30	28
24	26	32	30
24	26	34	32
24	26	36	34
24	26	38	36
24	26	40	38
24	26	66	32
24	26	68	66
24	26	70	68
24	26	72	70
24	27	33	30
24	27	36	33
24	27	39	36
24	27	42	39
24	27	45	42
24	27	48	45
24	27	65	30
24	27	68	65
24	27	71	68
24	27	74	71
24	27	77	74
24	27	80	77
24	28	36	32
24	28	40	36
24	28	44	40
24	28	48	44
24	28	52	48
24	28	56	52
24	28	68	32
24	28	72	68
24	28	76	72
24	28	80	76
24	28	84	80
24	28	88	84
24	29	39	34
24	29	44	39
24	29	49	44
24	29	54	49
24	29	59	54
24	29	64	59
24	29	71	66
24	29	76	71
24	29	81	76
24	29	86	81
24	29	91	86
24	29	96	91
25	26	28	27
25	26	29	28
25	26	30	29
25	26	31	30
25	26	32	31
25	26	33	32
25	26	65	32
25	27	31	29
25	27	33	31
25	27	35	33
25	27	37	35
25	27	39	37
25	27	41	39
25	27	65	31
25	27	67	65
25	27	69	67
25	27	71	69
25	27	73	71
25	28	34	31
25	28	37	34
25	28	40	37
25	28	43	40
25	28	46	43
25	28	49	46
25	28	66	31
25	28	69	66
25	28	72	69
25	28	75	72
25	28	78	75
25	28	81	78
25	29	37	33
25	29	41	37
25	29	45	41
25	29	49	45
25	29	53	49
25	29	57	53
25	29	69	65
25	29	73	69
25	29	77	73
25	29	81	77
25	29	85	81
25	29	89	85
26	27	29	28
26	27	30	29
26	27	31	30
26	27	32	31
26	27	33	32
26	27	34	33
26	27	65	32
26	27	66	65
26	28	32	30
26	28	34	32
26	28	36	34
26	28	38	36
26	28	40	38
26	28	42	40
26	28	66	32
26	28	68	66
26	28	70	68
26	28	72	70
26	28	74	72
26	29	35	32
26	29	38	35
26	29	41	38
26	29	44	41
26	29	47	44
26	29	50	47
26	29	67	32
26	29	70	67
26	29	73	70
26	29	76	73
26	29	79	76
26	29	82	79
26	30	38	34
26	30	42	38
26	30	46	42
26	30	50	46
26	30	54	50
26	30	58	54
26	30	70	66
26	30	74	70
26	30	78	74
26	30	82	78
26	30	86	82
26	30	90	86
27	28	30	29
27	28	31	30
27	28	32	31
27	28	33	32
27	28	34	33
27	28	35	34
27	28	65	32
27	28	66	65
27	28	67	66
27	29	33	31
27	29	35	33
27	29	37	35
27	29	39	37
27	29	41	39
27	29	43	41
27	29	65	31
27	29	67	65
27	29	69	67
27	29	71	69
27	29	73	71
27	29	75	73
27	30	36	33
27	30	39	36
27	30	42	39
27	30	45	42
27	30	48	45
27	30	51	48
27	30	68	65
27	30	71	68
27	30	74	71
27	30	77	74
27	30	80	77
27	30	83	80
27	31	39	35
27	31	43	39
27	31	47	43
27	31	51	47
27	31	55	51
27	31	59	55
27	31	71	67
27	31	75	71
27	31	79	75
27	31	83	79
27	31	87	83
27	31	91	87
28	29	31	30
28	29	32	31
28	29	33	32
28	29	34	33
28	29	35	34
28	29	36	35
28	29	65	32
28	29	66	65
28	29	67	66
28	29	68	67
28	30	34	32
28	30	36	34
28	30	38	36
28	30	40	38
28	30	42	40
28	30	44	42
28	30	66	32
28	30	68	66
28	30	70	68
28	30	72	70
28	30	74	72
28	30	76	74
28	31	37	34
28	31	40	37
28	31	43	40
28	31	46	43
28	31	49	46
28	31	52	49
28	31	69	66
28	31	72	69
28	31	75	72
28	31	78	75
28	31	81	78
28	31	84	81
28	32	40	36
28	32	44	40
28	32	48	44
28	32	52	48
28	32	56	52
28	32	60	56
28	32	72	68
28	32	76	72
28	32	80	76
28	32	84	80
28	32	88	84
28	32	92	88
29	30	32	31
29	30	33	32
29	30	34	33
29	30	35	34
29	30	36	35
29	30	37	36
29	30	65	32
29	30	66	65
29	30	67	66
29	30	68	67
29	30	69	68
29	31	35	33
29	31	37	35
29	31	39	37
29	31	41	39
29	31	43	41
29	31	45	43
29	31	67	65
29	31	69	67
29	31	71	69
29	31	73	71
29	31	75	73
29	31	77	75
29	32	38	35
29	32	41	38
29	32	44	41
29	32	47	44
29	32	50	47
29	32	53	50
29	32	70	67
29	32	73	70
29	32	76	73
29	32	79	76
29	32	82	79
29	32	85	82
29	33	41	37
29	33	45	41
29	33	49	45
29	33	53	49
29	33	57	53
29	33	61	57
29	33	73	69
29	33	77	73
29	33	81	77
29	33	85	81
29	33	89	85
29	33	93	89
30	31	33	32
30	31	34	33
30	31	35	34
30	31	36	35
30	31	37	36
30	31	38	37
30	31	65	32
30	31	66	65
30	31	67	66
30	31	68	67
30	31	69	68
30	31	70	69
30	32	36	34
30	32	38	36
30	32	40	38
30	32	42	40
30	32	44	42
30	32	46	44
30	32	68	66
30	32	70	68
30	32	72	70
30	32	74	72
30	32	76	74
30	32	78	76
30	33	39	36
30	33	42	39
30	33	45	42
30	33	48	45
30	33	51	48
30	33	54	51
30	33	71	68
30	33	74	71
30	33	77	74
30	33	80	77
30	33	83	80
30	33	86	83
30	34	42	38
30	34	46	42
30	34	50	46
30	34	54	50
30	34	58	54
30	34	62	58
30	34	74	70
30	34	78	74
30	34	82	78
30	34	86	82
30	34	90	86
30	34	94	90
31	32	34	33
31	32	35	34
31	32	36	35
31	32	37	36
31	32	38	37
31	32	39	38
31	32	66	65
31	32	67	66
31	32	68	67
31	32	69	68
31	32	70	69
31	32	71	70
31	33	37	35
31	33	39	37
31	33	41	39
31	33	43	41
31	33	45	43
31	33	47	45
31	33	69	67
31	33	71	69
31	33	73	71
31	33	75	73
31	33	77	75
31	33	79	77
31	34	40	37
31	34	43	40
31	34	46	43
31	34	49	46
31	34	52	49
31	34	55	52
31	34	72	69
31	34	75	72
31	34	78	75
31	34	81	78
31	34	84	81
31	34	87	84
31	35	43	39
31	35	47	43
31	35	51	47
31	35	55	51
31	35	59	55
31	35	63	59
31	35	75	71
31	35	79	75
31	35	83	79
31	35	87	83
31	35	91	87
31	35	95	91
32	33	35	34
32	33	36	35
32	33	37	36
32	33	38	37
32	33	39	38
32	33	40	39
32	33	67	66
32	33	68	67
32	33	69	68
32	33	70	69
32	33	71	70
32	33	72	71
32	34	38	36
32	34	40	38
32	34	42	40
32	34	44	42
32	34	46	44
32	34	48	46
32	34	70	68
32	34	72	70
32	34	74	72
32	34	76	74
32	34	78	76
32	34	80	78
32	35	41	38
32	35	44	41
32	35	47	44
32	35	50	47
32	35	53	50
32	35	56	53
32	35	73	70
32	35	76	73
32	35	79	76
32	35	82	79
32	35	85	82
32	35	88	85
32	36	44	40
32	36	48	44
32	36	52	48
32	36	56	52
32	36	60	56
32	36	64	60
32	36	76	72
32	36	80	76
32	36	84	80
32	36	88	84
32	36	92	88
32	36	96	92
33	34	36	35
33	34	37	36
33	34	38	37
33	34	39	38
33	34	40	39
33	34	41	40
33	34	68	67
33	34	68	67
33	34	69	68
33	34	69	68
33	34	70	68
33	34	70	69
33	34	70	69
33	34	71	70
33	34	71	70
33	34	72	70
33	34	72	71
33	34	72	71
33	34	73	72
33	34	73	72
33	34	74	72
33	34	76	74
33	34	78	76
33	34	80	78
33	35	39	37
33	35	41	39
33	35	43	41
33	35	45	43
33	35	47	45
33	35	49	47
33	35	71	69
33	35	71	69
33	35	73	70
33	35	73	71
33	35	73	71
33	35	75	73
33	35	75	73
33	35	76	73
33	35	77	75
33	35	77	75
33	35	79	76
33	35	79	77
33	35	79	77
33	35	81	79
33	35	81	79
33	35	82	79
33	35	85	82
33	35	88	85
33	36	42	39
33	36	45	42
33	36	48	45
33	36	51	48
33	36	54	51
33	36	57	54
33	36	74	71
33	36	74	71
33	36	76	72
33	36	77	74
33	36	77	74
33	36	80	76
33	36	80	77
33	36	80	77
33	36	83	80
33	36	83	80
33	36	84	80
33	36	86	83
33	36	86	83
33	36	88	84
33	36	89	86
33	36	89	86
33	36	92	88
33	36	96	92
34	33	66	65
34	33	67	66
34	33	68	67
34	33	69	67
34	33	69	68
34	33	70	69
34	33	71	69
34	33	71	70
34	33	73	71
34	33	75	73
34	33	77	75
34	33	79	77
34	35	37	36
34	35	38	37
34	35	39	38
34	35	40	39
34	35	41	40
34	35	42	41
34	35	69	68
34	35	69	68
34	35	70	69
34	35	70	69
34	35	71	70
34	35	71	70
34	35	72	71
34	35	72	71
34	35	73	72
34	35	73	72
34	35	74	73
34	35	74	73
34	35	75	71
34	35	79	75
34	35	83	79
34	35	87	83
34	35	91	87
34	35	95	91
34	36	40	38
34	36	42	40
34	36	44	42
34	36	46	44
34	36	48	46
34	36	50	48
34	36	72	70
34	36	72	70
34	36	74	72
34	36	74	72
34	36	76	74
34	36	76	74
34	36	78	76
34	36	78	76
34	36	80	78
34	36	80	78
34	36	82	80
34	36	82	80
34	37	43	40
34	37	46	43
34	37	49	46
34	37	52	49
34	37	55	52
34	37	58	55
34	37	75	72
34	37	75	72
34	37	78	75
34	37	78	75
34	37	81	78
34	37	81	78
34	37	84	81
34	37	84	81
34	37	87	84
34	37	87	84
34	37	90	87
34	37	90	87
35	33	68	66
35	33	70	68
35	33	71	68
35	33	72	70
35	33	74	71
35	33	74	72
35	33	76	74
35	33	77	74
35	33	78	76
35	33	80	77
35	33	83	80
35	33	86	83
35	34	65	33
35	34	66	65
35	34	67	66
35	34	68	67
35	34	69	68
35	34	70	69
35	34	74	70
35	34	78	74
35	34	82	78
35	34	86	82
35	34	90	86
35	34	94	90
35	36	38	37
35	36	39	38
35	36	40	39
35	36	41	40
35	36	42	41
35	36	43	42
35	36	70	69
35	36	70	69
35	36	71	70
35	36	71	70
35	36	72	71
35	36	72	71
35	36	73	72
35	36	73	72
35	36	74	73
35	36	74	73
35	36	75	74
35	36	75	74
35	37	41	39
35	37	43	41
35	37	45	43
35	37	47	45
35	37	49	47
35	37	51	49
35	37	73	71
35	37	73	71
35	37	75	73
35	37	75	73
35	37	77	75
35	37	77	75
35	37	79	77
35	37	79	77
35	37	81	79
35	37	81	79
35	37	83	81
35	37	83	81
35	38	44	41
35	38	47	44
35	38	50	47
35	38	53	50
35	38	56	53
35	38	59	56
35	38	76	73
35	38	76	73
35	38	79	76
35	38	79	76
35	38	82	79
35	38	82	79
35	38	85	82
35	38	85	82
35	38	88	85
35	38	88	85
35	38	91	88
35	38	91	88
36	33	70	67
36	33	73	69
36	33	73	70
36	33	76	73
36	33	77	73
36	33	79	76
36	33	81	77
36	33	82	79
36	33	85	81
36	33	85	82
36	33	89	85
36	33	93	89
36	34	67	65
36	34	69	67
36	34	71	69
36	34	73	71
36	34	75	73
36	34	77	75
36	35	65	33
36	35	66	65
36	35	67	66
36	35	68	67
36	35	69	68
36	37	39	38
36	37	40	39
36	37	41	40
36	37	42	41
36	37	43	42
36	37	44	43
36	37	71	70
36	37	71	70
36	37	72	71
36	37	72	71
36	37	73	72
36	37	73	72
36	37	74	73
36	37	74	73
36	37	75	74
36	37	75	74
36	37	76	75
36	37	76	75
36	38	42	40
36	38	44	42
36	38	46	44
36	38	48	46
36	38	50	48
36	38	52	50
36	38	74	72
36	38	74	72
36	38	76	74
36	38	76	74
36	38	78	76
36	38	78	76
36	38	80	78
36	38	80	78
36	38	82	80
36	38	82	80
36	38	84	82
36	38	84	82
36	39	45	42
36	39	48	45
36	39	51	48
36	39	54	51
36	39	57	54
36	39	60	57
36	39	77	74
36	39	77	74
36	39	80	77
36	39	80	77
36	39	83	80
36	39	83	80
36	39	86	83
36	39	86	83
36	39	89	86
36	39	89	86
36	39	92	89
36	39	92	89
37	33	72	68
37	33	76	72
37	33	80	76
37	33	84	80
37	33	88	84
37	33	92	88
37	34	69	66
37	34	72	69
37	34	75	72
37	34	78	75
37	34	81	78
37	34	84	81
37	35	66	33
37	35	68	66
37	35	70	68
37	35	72	70
37	35	74	72
37	35	76	74
37	36	65	33
37	36	66	65
37	36	67	66
37	36	68	67
37	38	40	39
37	38	41	40
37	38	42	41
37	38	43	42
37	38	44	43
37	38	45	44
37	38	72	71
37	38	72	71
37	38	73	72
37	38	73	72
37	38	74	73
37	38	74	73
37	38	75	74
37	38	75	74
37	38	76	75
37	38	76	75
37	38	77	76
37	38	77	76
37	39	43	41
37	39	45	43
37	39	47	45
37	39	49	47
37	39	51	49
37	39	53	51
37	39	75	73
37	39	75	73
37	39	77	75
37	39	77	75
37	39	79	77
37	39	79	77
37	39	81	79
37	39	81	79
37	39	83	81
37	39	83	81
37	39	85	83
37	39	85	83
37	40	46	43
37	40	49	46
37	40	52	49
37	40	55	52
37	40	58	55
37	40	61	58
37	40	78	75
37	40	78	75
37	40	81	78
37	40	81	78
37	40	84	81
37	40	84	81
37	40	87	84
37	40	87	84
37	40	90	87
37	40	90	87
37	40	93	90
37	40	93	90
38	34	71	67
38	34	75	71
38	34	79	75
38	34	83	79
38	34	87	83
38	34	91	87
38	35	68	65
38	35	71	68
38	35	74	71
38	35	77	74
38	35	80	77
38	35	83	80
38	36	65	34
38	36	67	65
38	36	69	67
38	36	71	69
38	36	73	71
38	36	75	73
38	37	65	33
38	37	66	65
38	37	67	66
38	39	41	40
38	39	42	41
38	39	43	42
38	39	44	43
38	39	45	44
38	39	46	45
38	39	73	72
38	39	73	72
38	39	74	73
38	39	74	73
38	39	75	74
38	39	75	74
38	39	76	75
38	39	76	75
38	39	77	76
38	39	77	76
38	39	78	77
38	39	78	77
38	40	44	42
38	40	46	44
38	40	48	46
38	40	50	48
38	40	52	50
38	40	54	52
38	40	76	74
38	40	76	74
38	40	78	76
38	40	78	76
38	40	80	78
38	40	80	78
38	40	82	80
38	40	82	80
38	40	84	82
38	40	84	82
38	40	86	84
38	40	86	84
38	41	47	44
38	41	50	47
38	41	53	50
38	41	56	53
38	41	59	56
38	41	62	59
38	41	79	76
38	41	79	76
38	41	82	79
38	41	82	79
38	41	85	82
38	41	85	82
38	41	88	85
38	41	88	85
38	41	91	88
38	41	91	88
38	41	94	91
38	41	94	91
39	35	70	66
39	35	74	70
39	35	78	74
39	35	82	78
39	35	86	82
39	35	90	86
39	36	67	33
39	36	70	67
39	36	73	70
39	36	76	73
39	36	79	76
39	36	82	79
39	37	66	33
39	37	68	66
39	37	70	68
39	37	72	70
39	37	74	72
39	38	65	33
39	38	66	65
39	40	42	41
39	40	43	42
39	40	44	43
39	40	45	44
39	40	46	45
39	40	47	46
39	40	74	73
39	40	74	73
39	40	75	74
39	40	75	74
39	40	76	75
39	40	76	75
39	40	77	76
39	40	77	76
39	40	78	77
39	40	78	77
39	40	79	78
39	40	79	78
39	41	45	43
39	41	47	45
39	41	49	47
39	41	51	49
39	41	53	51
39	41	55	53
39	41	77	75
39	41	77	75
39	41	79	77
39	41	79	77
39	41	81	79
39	41	81	79
39	41	83	81
39	41	83	81
39	41	85	83
39	41	85	83
39	41	87	85
39	41	87	85
39	42	48	45
39	42	51	48
39	42	54	51
39	42	57	54
39	42	60	57
39	42	63	60
39	42	80	77
39	42	80	77
39	42	83	80
39	42	83	80
39	42	86	83
39	42	86	83
39	42	89	86
39	42	89	86
39	42	92	89
39	42	92	89
39	42	95	92
39	42	95	92
40	36	69	65
40	36	73	69
40	36	77	73
40	36	81	77
40	36	85	81
40	36	89	85
40	37	66	34
40	37	69	66
40	37	72	69
40	37	75	72
40	37	78	75
40	37	81	78
40	38	65	34
40	38	67	65
40	38	69	67
40	38	71	69
40	38	73	71
40	39	65	33
40	41	43	42
40	41	44	43
40	41	45	44
40	41	46	45
40	41	47	46
40	41	48	47
40	41	75	74
40	41	75	74
40	41	76	75
40	41	76	75
40	41	77	76
40	41	77	76
40	41	78	77
40	41	78	77
40	41	79	78
40	41	79	78
40	41	80	79
40	41	80	79
40	42	46	44
40	42	48	46
40	42	50	48
40	42	52	50
40	42	54	52
40	42	56	54
40	42	78	76
40	42	78	76
40	42	80	78
40	42	80	78
40	42	82	80
40	42	82	80
40	42	84	82
40	42	84	82
40	42	86	84
40	42	86	84
40	42	88	86
40	42	88	86
40	43	49	46
40	43	52	49
40	43	55	52
40	43	58	55
40	43	61	58
40	43	64	61
40	43	81	78
40	43	81	78
40	43	84	81
40	43	84	81
40	43	87	84
40	43	87	84
40	43	90	87
40	43	90	87
40	43	93	90
40	43	93	90
40	43	96	93
40	43	96	93
41	36	71	66
41	36	76	71
41	36	81	76
41	36	86	81
41	36	91	86
41	36	96	91
41	37	68	33
41	37	72	68
41	37	76	72
41	37	80	76
41	37	84	80
41	37	88	84
41	38	65	35
41	38	68	65
41	38	71	68
41	38	74	71
41	38	77	74
41	38	80	77
41	39	66	33
41	39	68	66
41	39	70	68
41	39	72	70
41	42	44	43
41	42	45	44
41	42	46	45
41	42	47	46
41	42	48	47
41	42	49	48
41	42	76	75
41	42	76	75
41	42	77	76
41	42	77	76
41	42	78	77
41	42	78	77
41	42	79	78
41	42	79	78
41	42	80	79
41	42	80	79
41	42	81	80
41	42	81	80
41	43	47	45
41	43	49	47
41	43	51	49
41	43	53	51
41	43	55	53
41	43	57	55
41	43	79	77
41	43	79	77
41	43	81	79
41	43	81	79
41	43	83	81
41	43	83	81
41	43	85	83
41	43	85	83
41	43	87	85
41	43	87	85
41	43	89	87
41	43	89	87
42	37	70	65
42	37	75	70
42	37	80	75
42	37	85	80
42	37	90	85
42	37	95	90
42	38	67	34
42	38	71	67
42	38	75	71
42	38	79	75
42	38	83	79
42	38	87	83
42	39	67	33
42	39	70	67
42	39	73	70
42	39	76	73
42	39	79	76
42	40	65	34
42	40	67	65
42	40	69	67
42	40	71	69
42	43	45	44
42	43	46	45
42	43	47	46
42	43	48	47
42	43	49	48
42	43	50	49
42	43	77	76
42	43	77	76
42	43	78	77
42	43	78	77
42	43	79	78
42	43	79	78
42	43	80	79
42	43	80	79
42	43	81	80
42	43	81	80
42	43	82	81
42	43	82	81
42	44	48	46
42	44	50	48
42	44	52	50
42	44	54	52
42	44	56	54
42	44	58	56
42	44	80	78
42	44	80	78
42	44	82	80
42	44	82	80
42	44	84	82
42	44	84	82
42	44	86	84
42	44	86	84
42	44	88	86
42	44	88	86
42	44	90	88
42	44	90	88
43	38	69	33
43	38	74	69
43	38	79	74
43	38	84	79
43	38	89	84
43	38	94	89
43	39	66	35
43	39	70	66
43	39	74	70
43	39	78	74
43	39	82	78
43	39	86	82
43	40	66	34
43	40	69	66
43	40	72	69
43	40	75	72
43	40	78	75
43	41	66	33
43	41	68	66
43	41	70	68
43	44	46	45
43	44	47	46
43	44	48	47
43	44	49	48
43	44	50	49
43	44	51	50
43	44	78	77
43	44	78	77
43	44	79	78
43	44	79	78
43	44	80	79
43	44	80	79
43	44	81	80
43	44	81	80
43	44	82	81
43	44	82	81
43	44	83	82
43	44	83	82
43	45	49	47
43	45	51	49
43	45	53	51
43	45	55	53
43	45	57	55
43	45	59	57
43	45	81	79
43	45	81	79
43	45	83	81
43	45	83	81
43	45	85	83
43	45	85	83
43	45	87	85
43	45	87	85
43	45	89	87
43	45	89	87
43	45	91	89
43	45	91	89
44	39	68	34
44	39	73	68
44	39	78	73
44	39	83	78
44	39	88	83
44	39	93	88
44	40	65	36
44	40	69	65
44	40	73	69
44	40	77	73
44	40	81	77
44	40	85	81
44	41	65	35
44	41	68	65
44	41	71	68
44	41	74	71
44	41	77	74
44	42	65	34
44	42	67	65
44	42	69	67
44	45	47	46
44	45	48	47
44	45	49	48
44	45	50	49
44	45	51	50
44	45	52	51
44	45	79	78
44	45	79	78
44	45	80	79
44	45	80	79
44	45	81	80
44	45	81	80
44	45	82	81
44	45	82	81
44	45	83	82
44	45	83	82
44	45	84	83
44	45	84	83
44	46	50	48
44	46	52	50
44	46	54	52
44	46	56	54
44	46	58	56
44	46	60	58
44	46	82	80
44	46	82	80
44	46	84	82
44	46	84	82
44	46	86	84
44	46	86	84
44	46	88	86
44	46	88	86
44	46	90	88
44	46	90	88
44	46	92	90
44	46	92	90
45	40	67	35
45	40	72	67
45	40	77	72
45	40	82	77
45	40	87	82
45	40	92	87
45	41	68	33
45	41	72	68
45	41	76	72
45	41	80	76
45	41	84	80
45	42	67	33
45	42	70	67
45	42	73	70
45	42	76	73
45	43	66	33
45	43	68	66
45	46	48	47
45	46	49	48
45	46	50	49
45	46	51	50
45	46	52	51
45	46	53	52
45	46	80	79
45	46	80	79
45	46	81	80
45	46	81	80
45	46	82	81
45	46	82	81
45	46	83	82
45	46	83	82
45	46	84	83
45	46	84	83
45	46	85	84
45	46	85	84
45	47	51	49
45	47	53	51
45	47	55	53
45	47	57	55
45	47	59	57
45	47	61	59
45	47	83	81
45	47	83	81
45	47	85	83
45	47	85	83
45	47	87	85
45	47	87	85
45	47	89	87
45	47	89	87
45	47	91	89
45	47	91	89
45	47	93	91
45	47	93	91
46	41	66	36
46	41	71	66
46	41	76	71
46	41	81	76
46	41	86	81
46	41	91	86
46	42	67	34
46	42	71	67
46	42	75	71
46	42	79	75
46	42	83	79
46	43	66	34
46	43	69	66
46	43	72	69
46	43	75	72
46	44	65	34
46	44	67	65
46	47	49	48
46	47	50	49
46	47	51	50
46	47	52	51
46	47	53	52
46	47	54	53
46	47	81	80
46	47	81	80
46	47	82	81
46	47	82	81
46	47	83	82
46	47	83	82
46	47	84	83
46	47	84	83
46	47	85	84
46	47	85	84
46	47	86	85
46	47	86	85
46	48	52	50
46	48	54	52
46	48	56	54
46	48	58	56
46	48	60	58
46	48	62	60
46	48	84	82
46	48	84	82
46	48	86	84
46	48	86	84
46	48	88	86
46	48	88	86
46	48	90	88
46	48	90	88
46	48	92	90
46	48	92	90
46	48	94	92
46	48	94	92
47	42	65	37
47	42	70	65
47	42	75	70
47	42	80	75
47	42	85	80
47	42	90	85
47	43	66	35
47	43	70	66
47	43	74	70
47	43	78	74
47	43	82	78
47	44	65	35
47	44	68	65
47	44	71	68
47	44	74	71
47	45	66	33
47	48	50	49
47	48	51	50
47	48	52	51
47	48	53	52
47	48	54	53
47	48	55	54
47	48	82	81
47	48	82	81
47	48	83	82
47	48	83	82
47	48	84	83
47	48	84	83
47	48	85	84
47	48	85	84
47	48	86	85
47	48	86	85
47	48	87	86
47	48	87	86
47	49	53	51
47	49	55	53
47	49	57	55
47	49	59	57
47	49	61	59
47	49	63	61
47	49	85	83
47	49	85	83
47	49	87	85
47	49	87	85
47	49	89	87
47	49	89	87
47	49	91	89
47	49	91	89
47	49	93	91
47	49	93	91
47	49	95	93
47	49	95	93
48	43	69	33
48	43	74	69
48	43	79	74
48	43	84	79
48	43	89	84
48	44	65	36
48	44	69	65
48	44	73	69
48	44	77	73
48	44	81	77
48	45	67	33
48	45	70	67
48	45	73	70
48	46	65	34
48	49	51	50
48	49	52	51
48	49	53	52
48	49	54	53
48	49	55	54
48	49	56	55
48	49	83	82
48	49	83	82
48	49	84	83
48	49	84	83
48	49	85	84
48	49	85	84
48	49	86	85
48	49	86	85
48	49	87	86
48	49	87	86
48	49	88	87
48	49	88	87
48	50	54	52
48	50	56	54
48	50	58	56
48	50	60	58
48	50	62	60
48	50	64	62
48	50	86	84
48	50	86	84
48	50	88	86
48	50	88	86
48	50	90	88
48	50	90	88
48	50	92	90
48	50	92	90
48	50	94	92
48	50	94	92
48	50	96	94
48	50	96	94
49	43	66	37
49	43	72	66
49	43	78	72
49	43	84	78
49	43	90	84
49	43	96	90
49	44	68	34
49	44	73	68
49	44	78	73
49	44	83	78
49	44	88	83
49	45	68	33
49	45	72	68
49	45	76	72
49	45	80	76
49	46	66	34
49	46	69	66
49	46	72	69
49	50	52	51
49	50	53	52
49	50	54	53
49	50	55	54
49	50	56	55
49	50	57	56
49	50	84	83
49	50	84	83
49	50	85	84
49	50	85	84
49	50	86	85
49	50	86	85
49	50	87	86
49	50	87	86
49	50	88	87
49	50	88	87
49	50	89	88
49	50	89	88
50	44	65	38
50	44	71	65
50	44	77	71
50	44	83	77
50	44	89	83
50	44	95	89
50	45	67	35
50	45	72	67
50	45	77	72
50	45	82	77
50	45	87	82
50	46	67	34
50	46	71	67
50	46	75	71
50	46	79	75
50	47	65	35
50	47	68	65
50	47	71	68
50	51	53	52
50	51	54	53
50	51	55	54
50	51	56	55
50	51	57	56
50	51	58	57
50	51	85	84
50	51	85	84
50	51	86	85
50	51	86	85
50	51	87	86
50	51	87	86
50	51	88	87
50	51	88	87
50	51	89	88
50	51	89	88
50	51	90	89
50	51	90	89
51	45	70	33
51	45	76	70
51	45	82	76
51	45	88	82
51	45	94	88
51	46	66	36
51	46	71	66
51	46	76	71
51	46	81	76
51	46	86	81
51	47	66	35
51	47	70	66
51	47	74	70
51	47	78	74
51	48	67	33
51	48	70	67
51	52	54	53
51	52	55	54
51	52	56	55
51	52	57	56
51	52	58	57
51	52	59	58
51	52	86	85
51	52	86	85
51	52	87	86
51	52	87	86
51	52	88	87
51	52	88	87
51	52	89	88
51	52	89	88
51	52	90	89
51	52	90	89
51	52	91	90
51	52	91	90
52	46	69	34
52	46	75	69
52	46	81	75
52	46	87	81
52	46	93	87
52	47	65	37
52	47	70	65
52	47	75	70
52	47	80	75
52	47	85	80
52	48	65	36
52	48	69	65
52	48	73	69
52	48	77	73
52	49	66	34
52	49	69	66
52	53	55	54
52	53	56	55
52	53	57	56
52	53	58	57
52	53	59	58
52	53	60	59
52	53	87	86
52	53	87	86
52	53	88	87
52	53	88	87
52	53	89	88
52	53	89	88
52	53	90	89
52	53	90	89
52	53	91	90
52	53	91	90
52	53	92	91
52	53	92	91
53	47	68	35
53	47	74	68
53	47	80	74
53	47	86	80
53	47	92	86
53	48	69	33
53	48	74	69
53	48	79	74
53	48	84	79
53	49	68	33
53	49	72	68
53	49	76	72
53	50	65	35
53	50	68	65
53	54	56	55
53	54	57	56
53	54	58	57
53	54	59	58
53	54	60	59
53	54	61	60
53	54	88	87
53	54	88	87
53	54	89	88
53	54	89	88
53	54	90	89
53	54	90	89
53	54	91	90
53	54	91	90
53	54	92	91
53	54	92	91
53	54	93	92
53	54	93	92
54	48	67	36
54	48	73	67
54	48	79	73
54	48	85	79
54	48	91	85
54	49	68	34
54	49	73	68
54	49	78	73
54	49	83	78
54	50	67	34
54	50	71	67
54	50	75	71
54	51	67	33
54	55	57	56
54	55	58	57
54	55	59	58
54	55	60	59
54	55	61	60
54	55	62	61
54	55	89	88
54	55	89	88
54	55	90	89
54	55	90	89
54	55	91	90
54	55	91	90
54	55	92	91
54	55	92	91
54	55	93	92
54	55	93	92
54	55	94	93
54	55	94	93
55	49	66	37
55	49	72	66
55	49	78	72
55	49	84	78
55	49	90	84
55	50	67	35
55	50	72	67
55	50	77	72
55	50	82	77
55	51	66	35
55	51	70	66
55	51	74	70
55	52	66	34
55	56	58	57
55	56	59	58
55	56	60	59
55	56	61	60
55	56	62	61
55	56	63	62
55	56	90	89
55	56	90	89
55	56	91	90
55	56	91	90
55	56	92	91
55	56	92	91
55	56	93	92
55	56	93	92
55	56	94	93
55	56	94	93
55	56	95	94
55	56	95	94
56	50	65	38
56	50	71	65
56	50	77	71
56	50	83	77
56	50	89	83
56	51	66	36
56	51	71	66
56	51	76	71
56	51	81	76
56	52	65	36
56	52	69	65
56	52	73	69
56	53	65	35
56	57	59	58
56	57	60	59
56	57	61	60
56	57	62	61
56	57	63	62
56	57	64	63
56	57	91	90
56	57	91	90
56	57	92	91
56	57	92	91
56	57	93	92
56	57	93	92
56	57	94	93
56	57	94	93
56	57	95	94
56	57	95	94
56	57	96	95
56	57	96	95
57	50	68	36
57	50	75	68
57	50	82	75
57	50	89	82
57	50	96	89
57	51	70	33
57	51	76	70
57	51	82	76
57	51	88	82
57	52	65	37
57	52	70	65
57	52	75	70
57	52	80	75
57	53	68	33
57	53	72	68
58	51	67	37
58	51	74	67
58	51	81	74
58	51	88	81
58	51	95	88
58	52	69	34
58	52	75	69
58	52	81	75
58	52	87	81
58	53	69	33
58	53	74	69
58	53	79	74
58	54	67	34
58	54	71	67
59	52	66	38
59	52	73	66
59	52	80	73
59	52	87	80
59	52	94	87
59	53	68	35
59	53	74	68
59	53	80	74
59	53	86	80
59	54	68	34
59	54	73	68
59	54	78	73
59	55	66	35
59	55	70	66
60	53	65	39
60	53	72	65
60	53	79	72
60	53	86	79
60	53	93	86
60	54	67	36
60	54	73	67
60	54	79	73
60	54	85	79
60	55	67	35
60	55	72	67
60	55	77	72
60	56	65	36
60	56	69	65
61	54	71	33
61	54	78	71
61	54	85	78
61	54	92	85
61	55	66	37
61	55	72	66
61	55	78	72
61	55	84	78
61	56	66	36
61	56	71	66
61	56	76	71
61	57	68	33
62	55	70	34
62	55	77	70
62	55	84	77
62	55	91	84
62	56	65	38
62	56	71	65
62	56	77	71
62	56	83	77
62	57	65	37
62	57	70	65
62	57	75	70
62	58	67	34
63	56	69	35
63	56	76	69
63	56	83	76
63	56	90	83
63	57	70	33
63	57	76	70
63	57	82	76
63	58	69	33
63	58	74	69
63	59	66	35
64	57	68	36
64	57	75	68
64	57	82	75
64	57	89	82
64	58	69	34
64	58	75	69
64	58	81	75
64	59	68	34
64	59	73	68
64	60	65	36
