33	43	2	3
33	43	3	4
33	43	4	5
33	43	5	6
33	43	34	35
33	43	35	36
33	43	36	37
33	43	37	38
33	43	66	67
33	43	67	68
33	43	68	69
33	43	69	70
33	43	6	7
33	43	7	8
33	43	8	9
33	43	9	10
33	43	38	39
33	43	39	40
33	43	40	41
33	43	41	42
33	43	70	71
33	43	71	72
33	43	72	73
33	43	73	74
33	53	3	5
33	53	5	7
33	53	7	9
33	53	9	11
33	53	35	37
33	53	37	39
33	53	39	41
33	53	41	43
33	53	67	69
33	53	69	71
33	53	71	73
33	53	73	75
33	53	11	13
33	53	13	15
33	53	15	17
33	53	17	19
33	53	43	45
33	53	45	47
33	53	47	49
33	53	49	51
33	53	75	77
33	53	77	79
33	53	79	81
33	53	81	83
33	63	4	7
33	63	7	10
33	63	10	13
33	63	13	16
33	63	36	39
33	63	39	42
33	63	42	45
33	63	45	48
33	63	68	71
33	63	71	74
33	63	74	77
33	63	77	80
33	63	16	19
33	63	19	22
33	63	22	25
33	63	25	28
33	63	48	51
33	63	51	54
33	63	54	57
33	63	57	60
33	63	80	83
33	63	83	86
33	63	86	89
33	63	89	92
34	44	3	4
34	44	4	5
34	44	5	6
34	44	6	7
34	44	35	36
34	44	36	37
34	44	37	38
34	44	38	39
34	44	67	68
34	44	68	69
34	44	69	70
34	44	70	71
34	44	7	8
34	44	8	9
34	44	9	10
34	44	10	11
34	44	39	40
34	44	40	41
34	44	41	42
34	44	42	43
34	44	71	72
34	44	72	73
34	44	73	74
34	44	74	75
34	54	4	6
34	54	6	8
34	54	8	10
34	54	10	12
34	54	36	38
34	54	38	40
34	54	40	42
34	54	42	44
34	54	68	70
34	54	70	72
34	54	72	74
34	54	74	76
34	54	12	14
34	54	14	16
34	54	16	18
34	54	18	20
34	54	44	46
34	54	46	48
34	54	48	50
34	54	50	52
34	54	76	78
34	54	78	80
34	54	80	82
34	54	82	84
34	64	5	8
34	64	8	11
34	64	11	14
34	64	14	17
34	64	37	40
34	64	40	43
34	64	43	46
34	64	46	49
34	64	69	72
34	64	72	75
34	64	75	78
34	64	78	81
34	64	17	20
34	64	20	23
34	64	23	26
34	64	26	29
34	64	49	52
34	64	52	55
34	64	55	58
34	64	58	61
34	64	81	84
34	64	84	87
34	64	87	90
34	64	90	93
35	45	4	5
35	45	5	6
35	45	6	7
35	45	7	8
35	45	36	37
35	45	37	38
35	45	38	39
35	45	39	40
35	45	68	69
35	45	69	70
35	45	70	71
35	45	71	72
35	45	8	9
35	45	9	10
35	45	10	11
35	45	11	12
35	45	40	41
35	45	41	42
35	45	42	43
35	45	43	44
35	45	72	73
35	45	73	74
35	45	74	75
35	45	75	76
35	55	5	7
35	55	7	9
35	55	9	11
35	55	11	13
35	55	37	39
35	55	39	41
35	55	41	43
35	55	43	45
35	55	69	71
35	55	71	73
35	55	73	75
35	55	75	77
35	55	13	15
35	55	15	17
35	55	17	19
35	55	19	21
35	55	45	47
35	55	47	49
35	55	49	51
35	55	51	53
35	55	77	79
35	55	79	81
35	55	81	83
35	55	83	85
36	46	5	6
36	46	6	7
36	46	7	8
36	46	8	9
36	46	37	38
36	46	38	39
36	46	39	40
36	46	40	41
36	46	69	70
36	46	70	71
36	46	71	72
36	46	72	73
36	46	9	10
36	46	10	11
36	46	11	12
36	46	12	13
36	46	41	42
36	46	42	43
36	46	43	44
36	46	44	45
36	46	73	74
36	46	74	75
36	46	75	76
36	46	76	77
36	56	6	8
36	56	8	10
36	56	10	12
36	56	12	14
36	56	38	40
36	56	40	42
36	56	42	44
36	56	44	46
36	56	70	72
36	56	72	74
36	56	74	76
36	56	76	78
36	56	14	16
36	56	16	18
36	56	18	20
36	56	20	22
36	56	46	48
36	56	48	50
36	56	50	52
36	56	52	54
36	56	78	80
36	56	80	82
36	56	82	84
36	56	84	86
37	47	6	7
37	47	7	8
37	47	8	9
37	47	9	10
37	47	38	39
37	47	39	40
37	47	40	41
37	47	41	42
37	47	70	71
37	47	71	72
37	47	72	73
37	47	73	74
37	47	10	11
37	47	11	12
37	47	12	13
37	47	13	14
37	47	42	43
37	47	43	44
37	47	44	45
37	47	45	46
37	47	74	75
37	47	75	76
37	47	76	77
37	47	77	78
37	57	7	9
37	57	9	11
37	57	11	13
37	57	13	15
37	57	39	41
37	57	41	43
37	57	43	45
37	57	45	47
37	57	71	73
37	57	73	75
37	57	75	77
37	57	77	79
37	57	15	17
37	57	17	19
37	57	19	21
37	57	21	23
37	57	47	49
37	57	49	51
37	57	51	53
37	57	53	55
37	57	79	81
37	57	81	83
37	57	83	85
37	57	85	87
38	48	7	8
38	48	8	9
38	48	9	10
38	48	10	11
38	48	39	40
38	48	40	41
38	48	41	42
38	48	42	43
38	48	71	72
38	48	72	73
38	48	73	74
38	48	74	75
38	48	11	12
38	48	12	13
38	48	13	14
38	48	14	15
38	48	43	44
38	48	44	45
38	48	45	46
38	48	46	47
38	48	75	76
38	48	76	77
38	48	77	78
38	48	78	79
38	58	8	10
38	58	10	12
38	58	12	14
38	58	14	16
38	58	40	42
38	58	42	44
38	58	44	46
38	58	46	48
38	58	72	74
38	58	74	76
38	58	76	78
38	58	78	80
38	58	16	18
38	58	18	20
38	58	20	22
38	58	22	24
38	58	48	50
38	58	50	52
38	58	52	54
38	58	54	56
38	58	80	82
38	58	82	84
38	58	84	86
38	58	86	88
39	49	8	9
39	49	9	10
39	49	10	11
39	49	11	12
39	49	40	41
39	49	41	42
39	49	42	43
39	49	43	44
39	49	72	73
39	49	73	74
39	49	74	75
39	49	75	76
39	49	12	13
39	49	13	14
39	49	14	15
39	49	15	16
39	49	44	45
39	49	45	46
39	49	46	47
39	49	47	48
39	49	76	77
39	49	77	78
39	49	78	79
39	49	79	80
39	59	9	11
39	59	11	13
39	59	13	15
39	59	15	17
39	59	41	43
39	59	43	45
39	59	45	47
39	59	47	49
39	59	73	75
39	59	75	77
39	59	77	79
39	59	79	81
39	59	17	19
39	59	19	21
39	59	21	23
39	59	23	25
39	59	49	51
39	59	51	53
39	59	53	55
39	59	55	57
39	59	81	83
39	59	83	85
39	59	85	87
39	59	87	89
40	50	9	10
40	50	10	11
40	50	11	12
40	50	12	13
40	50	41	42
40	50	42	43
40	50	43	44
40	50	44	45
40	50	73	74
40	50	74	75
40	50	75	76
40	50	76	77
40	50	13	14
40	50	14	15
40	50	15	16
40	50	16	17
40	50	45	46
40	50	46	47
40	50	47	48
40	50	48	49
40	50	77	78
40	50	78	79
40	50	79	80
40	50	80	81
40	60	10	12
40	60	12	14
40	60	14	16
40	60	16	18
40	60	42	44
40	60	44	46
40	60	46	48
40	60	48	50
40	60	74	76
40	60	76	78
40	60	78	80
40	60	80	82
40	60	18	20
40	60	20	22
40	60	22	24
40	60	24	26
40	60	50	52
40	60	52	54
40	60	54	56
40	60	56	58
40	60	82	84
40	60	84	86
40	60	86	88
40	60	88	90
41	51	10	11
41	51	11	12
41	51	12	13
41	51	13	14
41	51	42	43
41	51	43	44
41	51	44	45
41	51	45	46
41	51	74	75
41	51	75	76
41	51	76	77
41	51	77	78
41	51	14	15
41	51	15	16
41	51	16	17
41	51	17	18
41	51	46	47
41	51	47	48
41	51	48	49
41	51	49	50
41	51	78	79
41	51	79	80
41	51	80	81
41	51	81	82
41	61	11	13
41	61	13	15
41	61	15	17
41	61	17	19
41	61	43	45
41	61	45	47
41	61	47	49
41	61	49	51
41	61	75	77
41	61	77	79
41	61	79	81
41	61	81	83
41	61	19	21
41	61	21	23
41	61	23	25
41	61	25	27
41	61	51	53
41	61	53	55
41	61	55	57
41	61	57	59
41	61	83	85
41	61	85	87
41	61	87	89
41	61	89	91
42	52	11	12
42	52	12	13
42	52	13	14
42	52	14	15
42	52	43	44
42	52	44	45
42	52	45	46
42	52	46	47
42	52	75	76
42	52	76	77
42	52	77	78
42	52	78	79
42	52	15	16
42	52	16	17
42	52	17	18
42	52	18	19
42	52	47	48
42	52	48	49
42	52	49	50
42	52	50	51
42	52	79	80
42	52	80	81
42	52	81	82
42	52	82	83
42	62	12	14
42	62	14	16
42	62	16	18
42	62	18	20
42	62	44	46
42	62	46	48
42	62	48	50
42	62	50	52
42	62	76	78
42	62	78	80
42	62	80	82
42	62	82	84
42	62	20	22
42	62	22	24
42	62	24	26
42	62	26	28
42	62	52	54
42	62	54	56
42	62	56	58
42	62	58	60
42	62	84	86
42	62	86	88
42	62	88	90
42	62	90	92
43	53	12	13
43	53	13	14
43	53	14	15
43	53	15	16
43	53	44	45
43	53	45	46
43	53	46	47
43	53	47	48
43	53	76	77
43	53	77	78
43	53	78	79
43	53	79	80
43	53	16	17
43	53	17	18
43	53	18	19
43	53	19	20
43	53	48	49
43	53	49	50
43	53	50	51
43	53	51	52
43	53	80	81
43	53	81	82
43	53	82	83
43	53	83	84
43	63	13	15
43	63	15	17
43	63	17	19
43	63	19	21
43	63	45	47
43	63	47	49
43	63	49	51
43	63	51	53
43	63	77	79
43	63	79	81
43	63	81	83
43	63	83	85
43	63	21	23
43	63	23	25
43	63	25	27
43	63	27	29
43	63	53	55
43	63	55	57
43	63	57	59
43	63	59	61
43	63	85	87
43	63	87	89
43	63	89	91
43	63	91	93
44	54	13	14
44	54	14	15
44	54	15	16
44	54	16	17
44	54	45	46
44	54	46	47
44	54	47	48
44	54	48	49
44	54	77	78
44	54	78	79
44	54	79	80
44	54	80	81
44	54	17	18
44	54	18	19
44	54	19	20
44	54	20	21
44	54	49	50
44	54	50	51
44	54	51	52
44	54	52	53
44	54	81	82
44	54	82	83
44	54	83	84
44	54	84	85
44	64	14	16
44	64	16	18
44	64	18	20
44	64	20	22
44	64	46	48
44	64	48	50
44	64	50	52
44	64	52	54
44	64	78	80
44	64	80	82
44	64	82	84
44	64	84	86
44	64	22	24
44	64	24	26
44	64	26	28
44	64	28	30
44	64	54	56
44	64	56	58
44	64	58	60
44	64	60	62
44	64	86	88
44	64	88	90
44	64	90	92
44	64	92	94
45	55	14	15
45	55	15	16
45	55	16	17
45	55	17	18
45	55	46	47
45	55	47	48
45	55	48	49
45	55	49	50
45	55	78	79
45	55	79	80
45	55	80	81
45	55	81	82
45	55	18	19
45	55	19	20
45	55	20	21
45	55	21	22
45	55	50	51
45	55	51	52
45	55	52	53
45	55	53	54
45	55	82	83
45	55	83	84
45	55	84	85
45	55	85	86
46	56	15	16
46	56	16	17
46	56	17	18
46	56	18	19
46	56	47	48
46	56	48	49
46	56	49	50
46	56	50	51
46	56	79	80
46	56	80	81
46	56	81	82
46	56	82	83
46	56	19	20
46	56	20	21
46	56	21	22
46	56	22	23
46	56	51	52
46	56	52	53
46	56	53	54
46	56	54	55
46	56	83	84
46	56	84	85
46	56	85	86
46	56	86	87
47	57	16	17
47	57	17	18
47	57	18	19
47	57	19	20
47	57	48	49
47	57	49	50
47	57	50	51
47	57	51	52
47	57	80	81
47	57	81	82
47	57	82	83
47	57	83	84
47	57	20	21
47	57	21	22
47	57	22	23
47	57	23	24
47	57	52	53
47	57	53	54
47	57	54	55
47	57	55	56
47	57	84	85
47	57	85	86
47	57	86	87
47	57	87	88
48	58	17	18
48	58	18	19
48	58	19	20
48	58	20	21
48	58	49	50
48	58	50	51
48	58	51	52
48	58	52	53
48	58	81	82
48	58	82	83
48	58	83	84
48	58	84	85
48	58	21	22
48	58	22	23
48	58	23	24
48	58	24	25
48	58	53	54
48	58	54	55
48	58	55	56
48	58	56	57
48	58	85	86
48	58	86	87
48	58	87	88
48	58	88	89
49	59	18	19
49	59	19	20
49	59	20	21
49	59	21	22
49	59	50	51
49	59	51	52
49	59	52	53
49	59	53	54
49	59	82	83
49	59	83	84
49	59	84	85
49	59	85	86
49	59	22	23
49	59	23	24
49	59	24	25
49	59	25	26
49	59	54	55
49	59	55	56
49	59	56	57
49	59	57	58
49	59	86	87
49	59	87	88
49	59	88	89
49	59	89	90
50	60	19	20
50	60	20	21
50	60	21	22
50	60	22	23
50	60	51	52
50	60	52	53
50	60	53	54
50	60	54	55
50	60	83	84
50	60	84	85
50	60	85	86
50	60	86	87
50	60	23	24
50	60	24	25
50	60	25	26
50	60	26	27
50	60	55	56
50	60	56	57
50	60	57	58
50	60	58	59
50	60	87	88
50	60	88	89
50	60	89	90
50	60	90	91
51	61	20	21
51	61	21	22
51	61	22	23
51	61	23	24
51	61	52	53
51	61	53	54
51	61	54	55
51	61	55	56
51	61	84	85
51	61	85	86
51	61	86	87
51	61	87	88
51	61	24	25
51	61	25	26
51	61	26	27
51	61	27	28
51	61	56	57
51	61	57	58
51	61	58	59
51	61	59	60
51	61	88	89
51	61	89	90
51	61	90	91
51	61	91	92
52	62	21	22
52	62	22	23
52	62	23	24
52	62	24	25
52	62	53	54
52	62	54	55
52	62	55	56
52	62	56	57
52	62	85	86
52	62	86	87
52	62	87	88
52	62	88	89
52	62	25	26
52	62	26	27
52	62	27	28
52	62	28	29
52	62	57	58
52	62	58	59
52	62	59	60
52	62	60	61
52	62	89	90
52	62	90	91
52	62	91	92
52	62	92	93
53	63	22	23
53	63	23	24
53	63	24	25
53	63	25	26
53	63	54	55
53	63	55	56
53	63	56	57
53	63	57	58
53	63	86	87
53	63	87	88
53	63	88	89
53	63	89	90
53	63	26	27
53	63	27	28
53	63	28	29
53	63	29	30
53	63	58	59
53	63	59	60
53	63	60	61
53	63	61	62
53	63	90	91
53	63	91	92
53	63	92	93
53	63	93	94
54	64	23	24
54	64	24	25
54	64	25	26
54	64	26	27
54	64	55	56
54	64	56	57
54	64	57	58
54	64	58	59
54	64	87	88
54	64	88	89
54	64	89	90
54	64	90	91
54	64	27	28
54	64	28	29
54	64	29	30
54	64	30	31
54	64	59	60
54	64	60	61
54	64	61	62
54	64	62	63
54	64	91	92
54	64	92	93
54	64	93	94
54	64	94	95
1	11	2	3
1	11	3	4
1	11	4	5
1	11	5	6
1	11	34	35
1	11	35	36
1	11	36	37
1	11	37	38
1	11	66	67
1	11	67	68
1	11	68	69
1	11	69	70
1	11	6	7
1	11	7	8
1	11	8	9
1	11	9	10
1	11	38	39
1	11	39	40
1	11	40	41
1	11	41	42
1	11	70	71
1	11	71	72
1	11	72	73
1	11	73	74
1	21	3	5
1	21	5	7
1	21	7	9
1	21	9	11
1	21	35	37
1	21	37	39
1	21	39	41
1	21	41	43
1	21	67	69
1	21	69	71
1	21	71	73
1	21	73	75
1	21	11	13
1	21	13	15
1	21	15	17
1	21	17	19
1	21	43	45
1	21	45	47
1	21	47	49
1	21	49	51
1	21	75	77
1	21	77	79
1	21	79	81
1	21	81	83
1	31	4	7
1	31	7	10
1	31	10	13
1	31	13	16
1	31	36	39
1	31	39	42
1	31	42	45
1	31	45	48
1	31	68	71
1	31	71	74
1	31	74	77
1	31	77	80
1	31	16	19
1	31	19	22
1	31	22	25
1	31	25	28
1	31	48	51
1	31	51	54
1	31	54	57
1	31	57	60
1	31	80	83
1	31	83	86
1	31	86	89
1	31	89	92
2	12	3	4
2	12	4	5
2	12	5	6
2	12	6	7
2	12	35	36
2	12	36	37
2	12	37	38
2	12	38	39
2	12	67	68
2	12	68	69
2	12	69	70
2	12	70	71
2	12	7	8
2	12	8	9
2	12	9	10
2	12	10	11
2	12	39	40
2	12	40	41
2	12	41	42
2	12	42	43
2	12	71	72
2	12	72	73
2	12	73	74
2	12	74	75
2	22	4	6
2	22	6	8
2	22	8	10
2	22	10	12
2	22	36	38
2	22	38	40
2	22	40	42
2	22	42	44
2	22	68	70
2	22	70	72
2	22	72	74
2	22	74	76
2	22	12	14
2	22	14	16
2	22	16	18
2	22	18	20
2	22	44	46
2	22	46	48
2	22	48	50
2	22	50	52
2	22	76	78
2	22	78	80
2	22	80	82
2	22	82	84
2	32	5	8
2	32	8	11
2	32	11	14
2	32	14	17
2	32	37	40
2	32	40	43
2	32	43	46
2	32	46	49
2	32	69	72
2	32	72	75
2	32	75	78
2	32	78	81
2	32	17	20
2	32	20	23
2	32	23	26
2	32	26	29
2	32	49	52
2	32	52	55
2	32	55	58
2	32	58	61
2	32	81	84
2	32	84	87
2	32	87	90
2	32	90	93
3	13	4	5
3	13	5	6
3	13	6	7
3	13	7	8
3	13	36	37
3	13	37	38
3	13	38	39
3	13	39	40
3	13	68	69
3	13	69	70
3	13	70	71
3	13	71	72
3	13	8	9
3	13	9	10
3	13	10	11
3	13	11	12
3	13	40	41
3	13	41	42
3	13	42	43
3	13	43	44
3	13	72	73
3	13	73	74
3	13	74	75
3	13	75	76
3	23	5	7
3	23	7	9
3	23	9	11
3	23	11	13
3	23	37	39
3	23	39	41
3	23	41	43
3	23	43	45
3	23	69	71
3	23	71	73
3	23	73	75
3	23	75	77
3	23	13	15
3	23	15	17
3	23	17	19
3	23	19	21
3	23	45	47
3	23	47	49
3	23	49	51
3	23	51	53
3	23	77	79
3	23	79	81
3	23	81	83
3	23	83	85
4	14	5	6
4	14	6	7
4	14	7	8
4	14	8	9
4	14	37	38
4	14	38	39
4	14	39	40
4	14	40	41
4	14	69	70
4	14	70	71
4	14	71	72
4	14	72	73
4	14	9	10
4	14	10	11
4	14	11	12
4	14	12	13
4	14	41	42
4	14	42	43
4	14	43	44
4	14	44	45
4	14	73	74
4	14	74	75
4	14	75	76
4	14	76	77
4	24	6	8
4	24	8	10
4	24	10	12
4	24	12	14
4	24	38	40
4	24	40	42
4	24	42	44
4	24	44	46
4	24	70	72
4	24	72	74
4	24	74	76
4	24	76	78
4	24	14	16
4	24	16	18
4	24	18	20
4	24	20	22
4	24	46	48
4	24	48	50
4	24	50	52
4	24	52	54
4	24	78	80
4	24	80	82
4	24	82	84
4	24	84	86
5	15	6	7
5	15	7	8
5	15	8	9
5	15	9	10
5	15	38	39
5	15	39	40
5	15	40	41
5	15	41	42
5	15	70	71
5	15	71	72
5	15	72	73
5	15	73	74
5	15	10	11
5	15	11	12
5	15	12	13
5	15	13	14
5	15	42	43
5	15	43	44
5	15	44	45
5	15	45	46
5	15	74	75
5	15	75	76
5	15	76	77
5	15	77	78
5	25	7	9
5	25	9	11
5	25	11	13
5	25	13	15
5	25	39	41
5	25	41	43
5	25	43	45
5	25	45	47
5	25	71	73
5	25	73	75
5	25	75	77
5	25	77	79
5	25	15	17
5	25	17	19
5	25	19	21
5	25	21	23
5	25	47	49
5	25	49	51
5	25	51	53
5	25	53	55
5	25	79	81
5	25	81	83
5	25	83	85
5	25	85	87
6	16	7	8
6	16	8	9
6	16	9	10
6	16	10	11
6	16	39	40
6	16	40	41
6	16	41	42
6	16	42	43
6	16	71	72
6	16	72	73
6	16	73	74
6	16	74	75
6	16	11	12
6	16	12	13
6	16	13	14
6	16	14	15
6	16	43	44
6	16	44	45
6	16	45	46
6	16	46	47
6	16	75	76
6	16	76	77
6	16	77	78
6	16	78	79
6	26	8	10
6	26	10	12
6	26	12	14
6	26	14	16
6	26	40	42
6	26	42	44
6	26	44	46
6	26	46	48
6	26	72	74
6	26	74	76
6	26	76	78
6	26	78	80
6	26	16	18
6	26	18	20
6	26	20	22
6	26	22	24
6	26	48	50
6	26	50	52
6	26	52	54
6	26	54	56
6	26	80	82
6	26	82	84
6	26	84	86
6	26	86	88
7	17	8	9
7	17	9	10
7	17	10	11
7	17	11	12
7	17	40	41
7	17	41	42
7	17	42	43
7	17	43	44
7	17	72	73
7	17	73	74
7	17	74	75
7	17	75	76
7	17	12	13
7	17	13	14
7	17	14	15
7	17	15	16
7	17	44	45
7	17	45	46
7	17	46	47
7	17	47	48
7	17	76	77
7	17	77	78
7	17	78	79
7	17	79	80
7	27	9	11
7	27	11	13
7	27	13	15
7	27	15	17
7	27	41	43
7	27	43	45
7	27	45	47
7	27	47	49
7	27	73	75
7	27	75	77
7	27	77	79
7	27	79	81
7	27	17	19
7	27	19	21
7	27	21	23
7	27	23	25
7	27	49	51
7	27	51	53
7	27	53	55
7	27	55	57
7	27	81	83
7	27	83	85
7	27	85	87
7	27	87	89
8	18	9	10
8	18	10	11
8	18	11	12
8	18	12	13
8	18	41	42
8	18	42	43
8	18	43	44
8	18	44	45
8	18	73	74
8	18	74	75
8	18	75	76
8	18	76	77
8	18	13	14
8	18	14	15
8	18	15	16
8	18	16	17
8	18	45	46
8	18	46	47
8	18	47	48
8	18	48	49
8	18	77	78
8	18	78	79
8	18	79	80
8	18	80	81
8	28	10	12
8	28	12	14
8	28	14	16
8	28	16	18
8	28	42	44
8	28	44	46
8	28	46	48
8	28	48	50
8	28	74	76
8	28	76	78
8	28	78	80
8	28	80	82
8	28	18	20
8	28	20	22
8	28	22	24
8	28	24	26
8	28	50	52
8	28	52	54
8	28	54	56
8	28	56	58
8	28	82	84
8	28	84	86
8	28	86	88
8	28	88	90
9	19	10	11
9	19	11	12
9	19	12	13
9	19	13	14
9	19	42	43
9	19	43	44
9	19	44	45
9	19	45	46
9	19	74	75
9	19	75	76
9	19	76	77
9	19	77	78
9	19	14	15
9	19	15	16
9	19	16	17
9	19	17	18
9	19	46	47
9	19	47	48
9	19	48	49
9	19	49	50
9	19	78	79
9	19	79	80
9	19	80	81
9	19	81	82
9	29	11	13
9	29	13	15
9	29	15	17
9	29	17	19
9	29	43	45
9	29	45	47
9	29	47	49
9	29	49	51
9	29	75	77
9	29	77	79
9	29	79	81
9	29	81	83
9	29	19	21
9	29	21	23
9	29	23	25
9	29	25	27
9	29	51	53
9	29	53	55
9	29	55	57
9	29	57	59
9	29	83	85
9	29	85	87
9	29	87	89
9	29	89	91
10	20	11	12
10	20	12	13
10	20	13	14
10	20	14	15
10	20	43	44
10	20	44	45
10	20	45	46
10	20	46	47
10	20	75	76
10	20	76	77
10	20	77	78
10	20	78	79
10	20	15	16
10	20	16	17
10	20	17	18
10	20	18	19
10	20	47	48
10	20	48	49
10	20	49	50
10	20	50	51
10	20	79	80
10	20	80	81
10	20	81	82
10	20	82	83
10	30	12	14
10	30	14	16
10	30	16	18
10	30	18	20
10	30	44	46
10	30	46	48
10	30	48	50
10	30	50	52
10	30	76	78
10	30	78	80
10	30	80	82
10	30	82	84
10	30	20	22
10	30	22	24
10	30	24	26
10	30	26	28
10	30	52	54
10	30	54	56
10	30	56	58
10	30	58	60
10	30	84	86
10	30	86	88
10	30	88	90
10	30	90	92
11	21	12	13
11	21	13	14
11	21	14	15
11	21	15	16
11	21	44	45
11	21	45	46
11	21	46	47
11	21	47	48
11	21	76	77
11	21	77	78
11	21	78	79
11	21	79	80
11	21	16	17
11	21	17	18
11	21	18	19
11	21	19	20
11	21	48	49
11	21	49	50
11	21	50	51
11	21	51	52
11	21	80	81
11	21	81	82
11	21	82	83
11	21	83	84
11	31	13	15
11	31	15	17
11	31	17	19
11	31	19	21
11	31	45	47
11	31	47	49
11	31	49	51
11	31	51	53
11	31	77	79
11	31	79	81
11	31	81	83
11	31	83	85
11	31	21	23
11	31	23	25
11	31	25	27
11	31	27	29
11	31	53	55
11	31	55	57
11	31	57	59
11	31	59	61
11	31	85	87
11	31	87	89
11	31	89	91
11	31	91	93
12	22	13	14
12	22	14	15
12	22	15	16
12	22	16	17
12	22	45	46
12	22	46	47
12	22	47	48
12	22	48	49
12	22	77	78
12	22	78	79
12	22	79	80
12	22	80	81
12	22	17	18
12	22	18	19
12	22	19	20
12	22	20	21
12	22	49	50
12	22	50	51
12	22	51	52
12	22	52	53
12	22	81	82
12	22	82	83
12	22	83	84
12	22	84	85
12	32	14	16
12	32	16	18
12	32	18	20
12	32	20	22
12	32	46	48
12	32	48	50
12	32	50	52
12	32	52	54
12	32	78	80
12	32	80	82
12	32	82	84
12	32	84	86
12	32	22	24
12	32	24	26
12	32	26	28
12	32	28	30
12	32	54	56
12	32	56	58
12	32	58	60
12	32	60	62
12	32	86	88
12	32	88	90
12	32	90	92
12	32	92	94
13	23	14	15
13	23	15	16
13	23	16	17
13	23	17	18
13	23	46	47
13	23	47	48
13	23	48	49
13	23	49	50
13	23	78	79
13	23	79	80
13	23	80	81
13	23	81	82
13	23	18	19
13	23	19	20
13	23	20	21
13	23	21	22
13	23	50	51
13	23	51	52
13	23	52	53
13	23	53	54
13	23	82	83
13	23	83	84
13	23	84	85
13	23	85	86
14	24	15	16
14	24	16	17
14	24	17	18
14	24	18	19
14	24	47	48
14	24	48	49
14	24	49	50
14	24	50	51
14	24	79	80
14	24	80	81
14	24	81	82
14	24	82	83
14	24	19	20
14	24	20	21
14	24	21	22
14	24	22	23
14	24	51	52
14	24	52	53
14	24	53	54
14	24	54	55
14	24	83	84
14	24	84	85
14	24	85	86
14	24	86	87
15	25	16	17
15	25	17	18
15	25	18	19
15	25	19	20
15	25	48	49
15	25	49	50
15	25	50	51
15	25	51	52
15	25	80	81
15	25	81	82
15	25	82	83
15	25	83	84
15	25	20	21
15	25	21	22
15	25	22	23
15	25	23	24
15	25	52	53
15	25	53	54
15	25	54	55
15	25	55	56
15	25	84	85
15	25	85	86
15	25	86	87
15	25	87	88
16	26	17	18
16	26	18	19
16	26	19	20
16	26	20	21
16	26	49	50
16	26	50	51
16	26	51	52
16	26	52	53
16	26	81	82
16	26	82	83
16	26	83	84
16	26	84	85
16	26	21	22
16	26	22	23
16	26	23	24
16	26	24	25
16	26	53	54
16	26	54	55
16	26	55	56
16	26	56	57
16	26	85	86
16	26	86	87
16	26	87	88
16	26	88	89
17	27	18	19
17	27	19	20
17	27	20	21
17	27	21	22
17	27	50	51
17	27	51	52
17	27	52	53
17	27	53	54
17	27	82	83
17	27	83	84
17	27	84	85
17	27	85	86
17	27	22	23
17	27	23	24
17	27	24	25
17	27	25	26
17	27	54	55
17	27	55	56
17	27	56	57
17	27	57	58
17	27	86	87
17	27	87	88
17	27	88	89
17	27	89	90
18	28	19	20
18	28	20	21
18	28	21	22
18	28	22	23
18	28	51	52
18	28	52	53
18	28	53	54
18	28	54	55
18	28	83	84
18	28	84	85
18	28	85	86
18	28	86	87
18	28	23	24
18	28	24	25
18	28	25	26
18	28	26	27
18	28	55	56
18	28	56	57
18	28	57	58
18	28	58	59
18	28	87	88
18	28	88	89
18	28	89	90
18	28	90	91
19	29	20	21
19	29	21	22
19	29	22	23
19	29	23	24
19	29	52	53
19	29	53	54
19	29	54	55
19	29	55	56
19	29	84	85
19	29	85	86
19	29	86	87
19	29	87	88
19	29	24	25
19	29	25	26
19	29	26	27
19	29	27	28
19	29	56	57
19	29	57	58
19	29	58	59
19	29	59	60
19	29	88	89
19	29	89	90
19	29	90	91
19	29	91	92
20	30	21	22
20	30	22	23
20	30	23	24
20	30	24	25
20	30	53	54
20	30	54	55
20	30	55	56
20	30	56	57
20	30	85	86
20	30	86	87
20	30	87	88
20	30	88	89
20	30	25	26
20	30	26	27
20	30	27	28
20	30	28	29
20	30	57	58
20	30	58	59
20	30	59	60
20	30	60	61
20	30	89	90
20	30	90	91
20	30	91	92
20	30	92	93
21	31	22	23
21	31	23	24
21	31	24	25
21	31	25	26
21	31	54	55
21	31	55	56
21	31	56	57
21	31	57	58
21	31	86	87
21	31	87	88
21	31	88	89
21	31	89	90
21	31	26	27
21	31	27	28
21	31	28	29
21	31	29	30
21	31	58	59
21	31	59	60
21	31	60	61
21	31	61	62
21	31	90	91
21	31	91	92
21	31	92	93
21	31	93	94
22	32	23	24
22	32	24	25
22	32	25	26
22	32	26	27
22	32	55	56
22	32	56	57
22	32	57	58
22	32	58	59
22	32	87	88
22	32	88	89
22	32	89	90
22	32	90	91
22	32	27	28
22	32	28	29
22	32	29	30
22	32	30	31
22	32	59	60
22	32	60	61
22	32	61	62
22	32	62	63
22	32	91	92
22	32	92	93
22	32	93	94
22	32	94	95
65	75	2	3
65	75	3	4
65	75	4	5
65	75	5	6
65	75	34	35
65	75	35	36
65	75	36	37
65	75	37	38
65	75	66	67
65	75	67	68
65	75	68	69
65	75	69	70
65	75	6	7
65	75	7	8
65	75	8	9
65	75	9	10
65	75	38	39
65	75	39	40
65	75	40	41
65	75	41	42
65	75	70	71
65	75	71	72
65	75	72	73
65	75	73	74
65	85	3	5
65	85	5	7
65	85	7	9
65	85	9	11
65	85	35	37
65	85	37	39
65	85	39	41
65	85	41	43
65	85	67	69
65	85	69	71
65	85	71	73
65	85	73	75
65	85	11	13
65	85	13	15
65	85	15	17
65	85	17	19
65	85	43	45
65	85	45	47
65	85	47	49
65	85	49	51
65	85	75	77
65	85	77	79
65	85	79	81
65	85	81	83
65	95	4	7
65	95	7	10
65	95	10	13
65	95	13	16
65	95	36	39
65	95	39	42
65	95	42	45
65	95	45	48
65	95	68	71
65	95	71	74
65	95	74	77
65	95	77	80
65	95	16	19
65	95	19	22
65	95	22	25
65	95	25	28
65	95	48	51
65	95	51	54
65	95	54	57
65	95	57	60
65	95	80	83
65	95	83	86
65	95	86	89
65	95	89	92
66	76	3	4
66	76	4	5
66	76	5	6
66	76	6	7
66	76	35	36
66	76	36	37
66	76	37	38
66	76	38	39
66	76	67	68
66	76	68	69
66	76	69	70
66	76	70	71
66	76	7	8
66	76	8	9
66	76	9	10
66	76	10	11
66	76	39	40
66	76	40	41
66	76	41	42
66	76	42	43
66	76	71	72
66	76	72	73
66	76	73	74
66	76	74	75
66	86	4	6
66	86	6	8
66	86	8	10
66	86	10	12
66	86	36	38
66	86	38	40
66	86	40	42
66	86	42	44
66	86	68	70
66	86	70	72
66	86	72	74
66	86	74	76
66	86	12	14
66	86	14	16
66	86	16	18
66	86	18	20
66	86	44	46
66	86	46	48
66	86	48	50
66	86	50	52
66	86	76	78
66	86	78	80
66	86	80	82
66	86	82	84
66	96	5	8
66	96	8	11
66	96	11	14
66	96	14	17
66	96	37	40
66	96	40	43
66	96	43	46
66	96	46	49
66	96	69	72
66	96	72	75
66	96	75	78
66	96	78	81
66	96	17	20
66	96	20	23
66	96	23	26
66	96	26	29
66	96	49	52
66	96	52	55
66	96	55	58
66	96	58	61
66	96	81	84
66	96	84	87
66	96	87	90
66	96	90	93
67	77	4	5
67	77	5	6
67	77	6	7
67	77	7	8
67	77	36	37
67	77	37	38
67	77	38	39
67	77	39	40
67	77	68	69
67	77	69	70
67	77	70	71
67	77	71	72
67	77	8	9
67	77	9	10
67	77	10	11
67	77	11	12
67	77	40	41
67	77	41	42
67	77	42	43
67	77	43	44
67	77	72	73
67	77	73	74
67	77	74	75
67	77	75	76
67	87	5	7
67	87	7	9
67	87	9	11
67	87	11	13
67	87	37	39
67	87	39	41
67	87	41	43
67	87	43	45
67	87	69	71
67	87	71	73
67	87	73	75
67	87	75	77
67	87	13	15
67	87	15	17
67	87	17	19
67	87	19	21
67	87	45	47
67	87	47	49
67	87	49	51
67	87	51	53
67	87	77	79
67	87	79	81
67	87	81	83
67	87	83	85
68	78	5	6
68	78	6	7
68	78	7	8
68	78	8	9
68	78	37	38
68	78	38	39
68	78	39	40
68	78	40	41
68	78	69	70
68	78	70	71
68	78	71	72
68	78	72	73
68	78	9	10
68	78	10	11
68	78	11	12
68	78	12	13
68	78	41	42
68	78	42	43
68	78	43	44
68	78	44	45
68	78	73	74
68	78	74	75
68	78	75	76
68	78	76	77
68	88	6	8
68	88	8	10
68	88	10	12
68	88	12	14
68	88	38	40
68	88	40	42
68	88	42	44
68	88	44	46
68	88	70	72
68	88	72	74
68	88	74	76
68	88	76	78
68	88	14	16
68	88	16	18
68	88	18	20
68	88	20	22
68	88	46	48
68	88	48	50
68	88	50	52
68	88	52	54
68	88	78	80
68	88	80	82
68	88	82	84
68	88	84	86
69	79	6	7
69	79	7	8
69	79	8	9
69	79	9	10
69	79	38	39
69	79	39	40
69	79	40	41
69	79	41	42
69	79	70	71
69	79	71	72
69	79	72	73
69	79	73	74
69	79	10	11
69	79	11	12
69	79	12	13
69	79	13	14
69	79	42	43
69	79	43	44
69	79	44	45
69	79	45	46
69	79	74	75
69	79	75	76
69	79	76	77
69	79	77	78
69	89	7	9
69	89	9	11
69	89	11	13
69	89	13	15
69	89	39	41
69	89	41	43
69	89	43	45
69	89	45	47
69	89	71	73
69	89	73	75
69	89	75	77
69	89	77	79
69	89	15	17
69	89	17	19
69	89	19	21
69	89	21	23
69	89	47	49
69	89	49	51
69	89	51	53
69	89	53	55
69	89	79	81
69	89	81	83
69	89	83	85
69	89	85	87
70	80	7	8
70	80	8	9
70	80	9	10
70	80	10	11
70	80	39	40
70	80	40	41
70	80	41	42
70	80	42	43
70	80	71	72
70	80	72	73
70	80	73	74
70	80	74	75
70	80	11	12
70	80	12	13
70	80	13	14
70	80	14	15
70	80	43	44
70	80	44	45
70	80	45	46
70	80	46	47
70	80	75	76
70	80	76	77
70	80	77	78
70	80	78	79
70	90	8	10
70	90	10	12
70	90	12	14
70	90	14	16
70	90	40	42
70	90	42	44
70	90	44	46
70	90	46	48
70	90	72	74
70	90	74	76
70	90	76	78
70	90	78	80
70	90	16	18
70	90	18	20
70	90	20	22
70	90	22	24
70	90	48	50
70	90	50	52
70	90	52	54
70	90	54	56
70	90	80	82
70	90	82	84
70	90	84	86
70	90	86	88
71	81	8	9
71	81	9	10
71	81	10	11
71	81	11	12
71	81	40	41
71	81	41	42
71	81	42	43
71	81	43	44
71	81	72	73
71	81	73	74
71	81	74	75
71	81	75	76
71	81	12	13
71	81	13	14
71	81	14	15
71	81	15	16
71	81	44	45
71	81	45	46
71	81	46	47
71	81	47	48
71	81	76	77
71	81	77	78
71	81	78	79
71	81	79	80
71	91	9	11
71	91	11	13
71	91	13	15
71	91	15	17
71	91	41	43
71	91	43	45
71	91	45	47
71	91	47	49
71	91	73	75
71	91	75	77
71	91	77	79
71	91	79	81
71	91	17	19
71	91	19	21
71	91	21	23
71	91	23	25
71	91	49	51
71	91	51	53
71	91	53	55
71	91	55	57
71	91	81	83
71	91	83	85
71	91	85	87
71	91	87	89
72	82	9	10
72	82	10	11
72	82	11	12
72	82	12	13
72	82	41	42
72	82	42	43
72	82	43	44
72	82	44	45
72	82	73	74
72	82	74	75
72	82	75	76
72	82	76	77
72	82	13	14
72	82	14	15
72	82	15	16
72	82	16	17
72	82	45	46
72	82	46	47
72	82	47	48
72	82	48	49
72	82	77	78
72	82	78	79
72	82	79	80
72	82	80	81
72	92	10	12
72	92	12	14
72	92	14	16
72	92	16	18
72	92	42	44
72	92	44	46
72	92	46	48
72	92	48	50
72	92	74	76
72	92	76	78
72	92	78	80
72	92	80	82
72	92	18	20
72	92	20	22
72	92	22	24
72	92	24	26
72	92	50	52
72	92	52	54
72	92	54	56
72	92	56	58
72	92	82	84
72	92	84	86
72	92	86	88
72	92	88	90
73	83	10	11
73	83	11	12
73	83	12	13
73	83	13	14
73	83	42	43
73	83	43	44
73	83	44	45
73	83	45	46
73	83	74	75
73	83	75	76
73	83	76	77
73	83	77	78
73	83	14	15
73	83	15	16
73	83	16	17
73	83	17	18
73	83	46	47
73	83	47	48
73	83	48	49
73	83	49	50
73	83	78	79
73	83	79	80
73	83	80	81
73	83	81	82
73	93	11	13
73	93	13	15
73	93	15	17
73	93	17	19
73	93	43	45
73	93	45	47
73	93	47	49
73	93	49	51
73	93	75	77
73	93	77	79
73	93	79	81
73	93	81	83
73	93	19	21
73	93	21	23
73	93	23	25
73	93	25	27
73	93	51	53
73	93	53	55
73	93	55	57
73	93	57	59
73	93	83	85
73	93	85	87
73	93	87	89
73	93	89	91
74	84	11	12
74	84	12	13
74	84	13	14
74	84	14	15
74	84	43	44
74	84	44	45
74	84	45	46
74	84	46	47
74	84	75	76
74	84	76	77
74	84	77	78
74	84	78	79
74	84	15	16
74	84	16	17
74	84	17	18
74	84	18	19
74	84	47	48
74	84	48	49
74	84	49	50
74	84	50	51
74	84	79	80
74	84	80	81
74	84	81	82
74	84	82	83
74	94	12	14
74	94	14	16
74	94	16	18
74	94	18	20
74	94	44	46
74	94	46	48
74	94	48	50
74	94	50	52
74	94	76	78
74	94	78	80
74	94	80	82
74	94	82	84
74	94	20	22
74	94	22	24
74	94	24	26
74	94	26	28
74	94	52	54
74	94	54	56
74	94	56	58
74	94	58	60
74	94	84	86
74	94	86	88
74	94	88	90
74	94	90	92
75	85	12	13
75	85	13	14
75	85	14	15
75	85	15	16
75	85	44	45
75	85	45	46
75	85	46	47
75	85	47	48
75	85	76	77
75	85	77	78
75	85	78	79
75	85	79	80
75	85	16	17
75	85	17	18
75	85	18	19
75	85	19	20
75	85	48	49
75	85	49	50
75	85	50	51
75	85	51	52
75	85	80	81
75	85	81	82
75	85	82	83
75	85	83	84
75	95	13	15
75	95	15	17
75	95	17	19
75	95	19	21
75	95	45	47
75	95	47	49
75	95	49	51
75	95	51	53
75	95	77	79
75	95	79	81
75	95	81	83
75	95	83	85
75	95	21	23
75	95	23	25
75	95	25	27
75	95	27	29
75	95	53	55
75	95	55	57
75	95	57	59
75	95	59	61
75	95	85	87
75	95	87	89
75	95	89	91
75	95	91	93
76	86	13	14
76	86	14	15
76	86	15	16
76	86	16	17
76	86	45	46
76	86	46	47
76	86	47	48
76	86	48	49
76	86	77	78
76	86	78	79
76	86	79	80
76	86	80	81
76	86	17	18
76	86	18	19
76	86	19	20
76	86	20	21
76	86	49	50
76	86	50	51
76	86	51	52
76	86	52	53
76	86	81	82
76	86	82	83
76	86	83	84
76	86	84	85
76	96	14	16
76	96	16	18
76	96	18	20
76	96	20	22
76	96	46	48
76	96	48	50
76	96	50	52
76	96	52	54
76	96	78	80
76	96	80	82
76	96	82	84
76	96	84	86
76	96	22	24
76	96	24	26
76	96	26	28
76	96	28	30
76	96	54	56
76	96	56	58
76	96	58	60
76	96	60	62
76	96	86	88
76	96	88	90
76	96	90	92
76	96	92	94
77	87	14	15
77	87	15	16
77	87	16	17
77	87	17	18
77	87	46	47
77	87	47	48
77	87	48	49
77	87	49	50
77	87	78	79
77	87	79	80
77	87	80	81
77	87	81	82
77	87	18	19
77	87	19	20
77	87	20	21
77	87	21	22
77	87	50	51
77	87	51	52
77	87	52	53
77	87	53	54
77	87	82	83
77	87	83	84
77	87	84	85
77	87	85	86
78	88	15	16
78	88	16	17
78	88	17	18
78	88	18	19
78	88	47	48
78	88	48	49
78	88	49	50
78	88	50	51
78	88	79	80
78	88	80	81
78	88	81	82
78	88	82	83
78	88	19	20
78	88	20	21
78	88	21	22
78	88	22	23
78	88	51	52
78	88	52	53
78	88	53	54
78	88	54	55
78	88	83	84
78	88	84	85
78	88	85	86
78	88	86	87
79	89	16	17
79	89	17	18
79	89	18	19
79	89	19	20
79	89	48	49
79	89	49	50
79	89	50	51
79	89	51	52
79	89	80	81
79	89	81	82
79	89	82	83
79	89	83	84
79	89	20	21
79	89	21	22
79	89	22	23
79	89	23	24
79	89	52	53
79	89	53	54
79	89	54	55
79	89	55	56
79	89	84	85
79	89	85	86
79	89	86	87
79	89	87	88
80	90	17	18
80	90	18	19
80	90	19	20
80	90	20	21
80	90	49	50
80	90	50	51
80	90	51	52
80	90	52	53
80	90	81	82
80	90	82	83
80	90	83	84
80	90	84	85
80	90	21	22
80	90	22	23
80	90	23	24
80	90	24	25
80	90	53	54
80	90	54	55
80	90	55	56
80	90	56	57
80	90	85	86
80	90	86	87
80	90	87	88
80	90	88	89
81	91	18	19
81	91	19	20
81	91	20	21
81	91	21	22
81	91	50	51
81	91	51	52
81	91	52	53
81	91	53	54
81	91	82	83
81	91	83	84
81	91	84	85
81	91	85	86
81	91	22	23
81	91	23	24
81	91	24	25
81	91	25	26
81	91	54	55
81	91	55	56
81	91	56	57
81	91	57	58
81	91	86	87
81	91	87	88
81	91	88	89
81	91	89	90
82	92	19	20
82	92	20	21
82	92	21	22
82	92	22	23
82	92	51	52
82	92	52	53
82	92	53	54
82	92	54	55
82	92	83	84
82	92	84	85
82	92	85	86
82	92	86	87
82	92	23	24
82	92	24	25
82	92	25	26
82	92	26	27
82	92	55	56
82	92	56	57
82	92	57	58
82	92	58	59
82	92	87	88
82	92	88	89
82	92	89	90
82	92	90	91
83	93	20	21
83	93	21	22
83	93	22	23
83	93	23	24
83	93	52	53
83	93	53	54
83	93	54	55
83	93	55	56
83	93	84	85
83	93	85	86
83	93	86	87
83	93	87	88
83	93	24	25
83	93	25	26
83	93	26	27
83	93	27	28
83	93	56	57
83	93	57	58
83	93	58	59
83	93	59	60
83	93	88	89
83	93	89	90
83	93	90	91
83	93	91	92
84	94	21	22
84	94	22	23
84	94	23	24
84	94	24	25
84	94	53	54
84	94	54	55
84	94	55	56
84	94	56	57
84	94	85	86
84	94	86	87
84	94	87	88
84	94	88	89
84	94	25	26
84	94	26	27
84	94	27	28
84	94	28	29
84	94	57	58
84	94	58	59
84	94	59	60
84	94	60	61
84	94	89	90
84	94	90	91
84	94	91	92
84	94	92	93
85	95	22	23
85	95	23	24
85	95	24	25
85	95	25	26
85	95	54	55
85	95	55	56
85	95	56	57
85	95	57	58
85	95	86	87
85	95	87	88
85	95	88	89
85	95	89	90
85	95	26	27
85	95	27	28
85	95	28	29
85	95	29	30
85	95	58	59
85	95	59	60
85	95	60	61
85	95	61	62
85	95	90	91
85	95	91	92
85	95	92	93
85	95	93	94
86	96	23	24
86	96	24	25
86	96	25	26
86	96	26	27
86	96	55	56
86	96	56	57
86	96	57	58
86	96	58	59
86	96	87	88
86	96	88	89
86	96	89	90
86	96	90	91
86	96	27	28
86	96	28	29
86	96	29	30
86	96	30	31
86	96	59	60
86	96	60	61
86	96	61	62
86	96	62	63
86	96	91	92
86	96	92	93
86	96	93	94
86	96	94	95
97	106	98	99
97	106	99	100
97	106	100	101
97	106	101	102
97	106	102	103
97	106	103	104
97	106	104	105
97	115	99	101
97	115	101	103
97	115	103	105
97	115	105	107
97	115	107	109
97	115	109	111
97	115	111	113
97	124	100	103
97	124	103	106
97	124	106	109
97	124	109	112
97	124	112	115
97	124	115	118
97	124	118	121
98	107	99	100
98	107	100	101
98	107	101	102
98	107	102	103
98	107	103	104
98	107	104	105
98	107	105	106
98	116	100	102
98	116	102	104
98	116	104	106
98	116	106	108
98	116	108	110
98	116	110	112
98	116	112	114
98	125	101	104
98	125	104	107
98	125	107	110
98	125	110	113
98	125	113	116
98	125	116	119
98	125	119	122
99	108	100	101
99	108	101	102
99	108	102	103
99	108	103	104
99	108	104	105
99	108	105	106
99	108	106	107
99	117	101	103
99	117	103	105
99	117	105	107
99	117	107	109
99	117	109	111
99	117	111	113
99	117	113	115
99	126	102	105
99	126	105	108
99	126	108	111
99	126	111	114
99	126	114	117
99	126	117	120
99	126	120	123
100	109	101	102
100	109	102	103
100	109	103	104
100	109	104	105
100	109	105	106
100	109	106	107
100	109	107	108
100	118	102	104
100	118	104	106
100	118	106	108
100	118	108	110
100	118	110	112
100	118	112	114
100	118	114	116
100	127	103	106
100	127	106	109
100	127	109	112
100	127	112	115
100	127	115	118
100	127	118	121
100	127	121	124
101	110	102	103
101	110	103	104
101	110	104	105
101	110	105	106
101	110	106	107
101	110	107	108
101	110	108	109
101	119	103	105
101	119	105	107
101	119	107	109
101	119	109	111
101	119	111	113
101	119	113	115
101	119	115	117
101	128	104	107
101	128	107	110
101	128	110	113
101	128	113	116
101	128	116	119
101	128	119	122
101	128	122	125
102	111	103	104
102	111	104	105
102	111	105	106
102	111	106	107
102	111	107	108
102	111	108	109
102	111	109	110
102	120	104	106
102	120	106	108
102	120	108	110
102	120	110	112
102	120	112	114
102	120	114	116
102	120	116	118
103	112	104	105
103	112	105	106
103	112	106	107
103	112	107	108
103	112	108	109
103	112	109	110
103	112	110	111
103	121	105	107
103	121	107	109
103	121	109	111
103	121	111	113
103	121	113	115
103	121	115	117
103	121	117	119
104	113	105	106
104	113	106	107
104	113	107	108
104	113	108	109
104	113	109	110
104	113	110	111
104	113	111	112
104	122	106	108
104	122	108	110
104	122	110	112
104	122	112	114
104	122	114	116
104	122	116	118
104	122	118	120
105	114	106	107
105	114	107	108
105	114	108	109
105	114	109	110
105	114	110	111
105	114	111	112
105	114	112	113
105	123	107	109
105	123	109	111
105	123	111	113
105	123	113	115
105	123	115	117
105	123	117	119
105	123	119	121
106	115	107	108
106	115	108	109
106	115	109	110
106	115	110	111
106	115	111	112
106	115	112	113
106	115	113	114
106	124	108	110
106	124	110	112
106	124	112	114
106	124	114	116
106	124	116	118
106	124	118	120
106	124	120	122
107	116	108	109
107	116	109	110
107	116	110	111
107	116	111	112
107	116	112	113
107	116	113	114
107	116	114	115
107	125	109	111
107	125	111	113
107	125	113	115
107	125	115	117
107	125	117	119
107	125	119	121
107	125	121	123
108	117	109	110
108	117	110	111
108	117	111	112
108	117	112	113
108	117	113	114
108	117	114	115
108	117	115	116
108	126	110	112
108	126	112	114
108	126	114	116
108	126	116	118
108	126	118	120
108	126	120	122
108	126	122	124
109	118	110	111
109	118	111	112
109	118	112	113
109	118	113	114
109	118	114	115
109	118	115	116
109	118	116	117
109	127	111	113
109	127	113	115
109	127	115	117
109	127	117	119
109	127	119	121
109	127	121	123
109	127	123	125
110	119	111	112
110	119	112	113
110	119	113	114
110	119	114	115
110	119	115	116
110	119	116	117
110	119	117	118
110	128	112	114
110	128	114	116
110	128	116	118
110	128	118	120
110	128	120	122
110	128	122	124
110	128	124	126
111	120	112	113
111	120	113	114
111	120	114	115
111	120	115	116
111	120	116	117
111	120	117	118
111	120	118	119
112	121	113	114
112	121	114	115
112	121	115	116
112	121	116	117
112	121	117	118
112	121	118	119
112	121	119	120
113	122	114	115
113	122	115	116
113	122	116	117
113	122	117	118
113	122	118	119
113	122	119	120
113	122	120	121
114	123	115	116
114	123	116	117
114	123	117	118
114	123	118	119
114	123	119	120
114	123	120	121
114	123	121	122
115	124	116	117
115	124	117	118
115	124	118	119
115	124	119	120
115	124	120	121
115	124	121	122
115	124	122	123
116	125	117	118
116	125	118	119
116	125	119	120
116	125	120	121
116	125	121	122
116	125	122	123
116	125	123	124
117	126	118	119
117	126	119	120
117	126	120	121
117	126	121	122
117	126	122	123
117	126	123	124
117	126	124	125
118	127	119	120
118	127	120	121
118	127	121	122
118	127	122	123
118	127	123	124
118	127	124	125
118	127	125	126
119	128	120	121
119	128	121	122
119	128	122	123
119	128	123	124
119	128	124	125
119	128	125	126
119	128	126	127
33	34	3	4
33	34	4	5
33	34	5	6
33	34	6	7
33	34	7	8
33	34	8	9
33	34	9	10
33	34	10	11
33	34	35	36
33	34	36	37
33	34	37	38
33	34	38	39
33	34	39	40
33	34	40	41
33	34	41	42
33	34	42	43
33	34	67	68
33	34	68	69
33	34	69	70
33	34	70	71
33	34	71	72
33	34	72	73
33	34	73	74
33	34	74	75
33	35	5	7
33	35	7	9
33	35	9	11
33	35	11	13
33	35	13	15
33	35	15	17
33	35	17	19
33	35	19	21
33	35	37	39
33	35	39	41
33	35	41	43
33	35	43	45
33	35	45	47
33	35	47	49
33	35	49	51
33	35	51	53
33	35	69	71
33	35	71	73
33	35	73	75
33	35	75	77
33	35	77	79
33	35	79	81
33	35	81	83
33	35	83	85
33	36	7	10
33	36	10	13
33	36	13	16
33	36	16	19
33	36	19	22
33	36	22	25
33	36	25	28
33	36	28	31
33	36	39	42
33	36	42	45
33	36	45	48
33	36	48	51
33	36	51	54
33	36	54	57
33	36	57	60
33	36	60	63
33	36	71	74
33	36	74	77
33	36	77	80
33	36	80	83
33	36	83	86
33	36	86	89
33	36	89	92
33	36	92	95
33	37	9	13
33	37	13	17
33	37	17	21
33	37	21	25
33	37	25	29
33	37	41	45
33	37	45	49
33	37	49	53
33	37	53	57
33	37	57	61
33	37	73	77
33	37	77	81
33	37	81	85
33	37	85	89
33	37	89	93
33	38	11	16
33	38	16	21
33	38	21	26
33	38	26	31
33	38	43	48
33	38	48	53
33	38	53	58
33	38	58	63
33	38	75	80
33	38	80	85
33	38	85	90
33	38	90	95
33	39	13	19
33	39	19	25
33	39	25	31
33	39	45	51
33	39	51	57
33	39	57	63
33	39	77	83
33	39	83	89
33	39	89	95
33	40	15	22
33	40	22	29
33	40	47	54
33	40	54	61
33	40	79	86
33	40	86	93
33	41	17	25
33	41	49	57
33	41	81	89
33	42	19	28
33	42	51	60
33	42	83	92
33	43	21	31
33	43	53	63
33	43	85	95
34	35	4	5
34	35	5	6
34	35	6	7
34	35	7	8
34	35	8	9
34	35	9	10
34	35	10	11
34	35	11	12
34	35	36	37
34	35	37	38
34	35	38	39
34	35	39	40
34	35	40	41
34	35	41	42
34	35	42	43
34	35	43	44
34	35	68	69
34	35	69	70
34	35	70	71
34	35	71	72
34	35	72	73
34	35	73	74
34	35	74	75
34	35	75	76
34	36	6	8
34	36	8	10
34	36	10	12
34	36	12	14
34	36	14	16
34	36	16	18
34	36	18	20
34	36	20	22
34	36	38	40
34	36	40	42
34	36	42	44
34	36	44	46
34	36	46	48
34	36	48	50
34	36	50	52
34	36	52	54
34	36	70	72
34	36	72	74
34	36	74	76
34	36	76	78
34	36	78	80
34	36	80	82
34	36	82	84
34	36	84	86
34	37	8	11
34	37	11	14
34	37	14	17
34	37	17	20
34	37	20	23
34	37	23	26
34	37	26	29
34	37	29	32
34	37	40	43
34	37	43	46
34	37	46	49
34	37	49	52
34	37	52	55
34	37	55	58
34	37	58	61
34	37	61	64
34	37	72	75
34	37	75	78
34	37	78	81
34	37	81	84
34	37	84	87
34	37	87	90
34	37	90	93
34	37	93	96
34	38	10	14
34	38	14	18
34	38	18	22
34	38	22	26
34	38	26	30
34	38	42	46
34	38	46	50
34	38	50	54
34	38	54	58
34	38	58	62
34	38	74	78
34	38	78	82
34	38	82	86
34	38	86	90
34	38	90	94
34	39	12	17
34	39	17	22
34	39	22	27
34	39	27	32
34	39	44	49
34	39	49	54
34	39	54	59
34	39	59	64
34	39	76	81
34	39	81	86
34	39	86	91
34	39	91	96
34	40	14	20
34	40	20	26
34	40	26	32
34	40	46	52
34	40	52	58
34	40	58	64
34	40	78	84
34	40	84	90
34	40	90	96
34	41	16	23
34	41	23	30
34	41	48	55
34	41	55	62
34	41	80	87
34	41	87	94
34	42	18	26
34	42	50	58
34	42	82	90
34	43	20	29
34	43	52	61
34	43	84	93
34	44	22	32
34	44	54	64
34	44	86	96
35	36	5	6
35	36	6	7
35	36	7	8
35	36	8	9
35	36	9	10
35	36	10	11
35	36	11	12
35	36	12	13
35	36	37	38
35	36	38	39
35	36	39	40
35	36	40	41
35	36	41	42
35	36	42	43
35	36	43	44
35	36	44	45
35	36	69	70
35	36	70	71
35	36	71	72
35	36	72	73
35	36	73	74
35	36	74	75
35	36	75	76
35	36	76	77
35	37	7	9
35	37	9	11
35	37	11	13
35	37	13	15
35	37	15	17
35	37	17	19
35	37	19	21
35	37	21	23
35	37	39	41
35	37	41	43
35	37	43	45
35	37	45	47
35	37	47	49
35	37	49	51
35	37	51	53
35	37	53	55
35	37	71	73
35	37	73	75
35	37	75	77
35	37	77	79
35	37	79	81
35	37	81	83
35	37	83	85
35	37	85	87
35	38	9	12
35	38	12	15
35	38	15	18
35	38	18	21
35	38	21	24
35	38	24	27
35	38	27	30
35	38	41	44
35	38	44	47
35	38	47	50
35	38	50	53
35	38	53	56
35	38	56	59
35	38	59	62
35	38	73	76
35	38	76	79
35	38	79	82
35	38	82	85
35	38	85	88
35	38	88	91
35	38	91	94
35	39	11	15
35	39	15	19
35	39	19	23
35	39	23	27
35	39	27	31
35	39	43	47
35	39	47	51
35	39	51	55
35	39	55	59
35	39	59	63
35	39	75	79
35	39	79	83
35	39	83	87
35	39	87	91
35	39	91	95
35	40	13	18
35	40	18	23
35	40	23	28
35	40	45	50
35	40	50	55
35	40	55	60
35	40	77	82
35	40	82	87
35	40	87	92
35	41	15	21
35	41	21	27
35	41	47	53
35	41	53	59
35	41	79	85
35	41	85	91
35	42	17	24
35	42	24	31
35	42	49	56
35	42	56	63
35	42	81	88
35	42	88	95
35	43	19	27
35	43	51	59
35	43	83	91
35	44	21	30
35	44	53	62
35	44	85	94
36	37	6	7
36	37	7	8
36	37	8	9
36	37	9	10
36	37	10	11
36	37	11	12
36	37	12	13
36	37	13	14
36	37	38	39
36	37	39	40
36	37	40	41
36	37	41	42
36	37	42	43
36	37	43	44
36	37	44	45
36	37	45	46
36	37	70	71
36	37	71	72
36	37	72	73
36	37	73	74
36	37	74	75
36	37	75	76
36	37	76	77
36	37	77	78
36	38	8	10
36	38	10	12
36	38	12	14
36	38	14	16
36	38	16	18
36	38	18	20
36	38	20	22
36	38	22	24
36	38	40	42
36	38	42	44
36	38	44	46
36	38	46	48
36	38	48	50
36	38	50	52
36	38	52	54
36	38	54	56
36	38	72	74
36	38	74	76
36	38	76	78
36	38	78	80
36	38	80	82
36	38	82	84
36	38	84	86
36	38	86	88
36	39	10	13
36	39	13	16
36	39	16	19
36	39	19	22
36	39	22	25
36	39	25	28
36	39	28	31
36	39	42	45
36	39	45	48
36	39	48	51
36	39	51	54
36	39	54	57
36	39	57	60
36	39	60	63
36	39	74	77
36	39	77	80
36	39	80	83
36	39	83	86
36	39	86	89
36	39	89	92
36	39	92	95
36	40	12	16
36	40	16	20
36	40	20	24
36	40	24	28
36	40	28	32
36	40	44	48
36	40	48	52
36	40	52	56
36	40	56	60
36	40	60	64
36	40	76	80
36	40	80	84
36	40	84	88
36	40	88	92
36	40	92	96
36	41	14	19
36	41	19	24
36	41	24	29
36	41	46	51
36	41	51	56
36	41	56	61
36	41	78	83
36	41	83	88
36	41	88	93
36	42	16	22
36	42	22	28
36	42	48	54
36	42	54	60
36	42	80	86
36	42	86	92
36	43	18	25
36	43	25	32
36	43	50	57
36	43	57	64
36	43	82	89
36	43	89	96
36	44	20	28
36	44	52	60
36	44	84	92
36	45	22	31
36	45	54	63
36	45	86	95
37	38	7	8
37	38	8	9
37	38	9	10
37	38	10	11
37	38	11	12
37	38	12	13
37	38	13	14
37	38	14	15
37	38	39	40
37	38	40	41
37	38	41	42
37	38	42	43
37	38	43	44
37	38	44	45
37	38	45	46
37	38	46	47
37	38	71	72
37	38	72	73
37	38	73	74
37	38	74	75
37	38	75	76
37	38	76	77
37	38	77	78
37	38	78	79
37	39	9	11
37	39	11	13
37	39	13	15
37	39	15	17
37	39	17	19
37	39	19	21
37	39	21	23
37	39	23	25
37	39	41	43
37	39	43	45
37	39	45	47
37	39	47	49
37	39	49	51
37	39	51	53
37	39	53	55
37	39	55	57
37	39	73	75
37	39	75	77
37	39	77	79
37	39	79	81
37	39	81	83
37	39	83	85
37	39	85	87
37	39	87	89
37	40	11	14
37	40	14	17
37	40	17	20
37	40	20	23
37	40	23	26
37	40	26	29
37	40	29	32
37	40	43	46
37	40	46	49
37	40	49	52
37	40	52	55
37	40	55	58
37	40	58	61
37	40	61	64
37	40	75	78
37	40	78	81
37	40	81	84
37	40	84	87
37	40	87	90
37	40	90	93
37	40	93	96
37	41	13	17
37	41	17	21
37	41	21	25
37	41	25	29
37	41	45	49
37	41	49	53
37	41	53	57
37	41	57	61
37	41	77	81
37	41	81	85
37	41	85	89
37	41	89	93
37	42	15	20
37	42	20	25
37	42	25	30
37	42	47	52
37	42	52	57
37	42	57	62
37	42	79	84
37	42	84	89
37	42	89	94
37	43	17	23
37	43	23	29
37	43	49	55
37	43	55	61
37	43	81	87
37	43	87	93
37	44	19	26
37	44	51	58
37	44	83	90
37	45	21	29
37	45	53	61
37	45	85	93
37	46	23	32
37	46	55	64
37	46	87	96
38	39	8	9
38	39	9	10
38	39	10	11
38	39	11	12
38	39	12	13
38	39	13	14
38	39	14	15
38	39	15	16
38	39	40	41
38	39	41	42
38	39	42	43
38	39	43	44
38	39	44	45
38	39	45	46
38	39	46	47
38	39	47	48
38	39	72	73
38	39	73	74
38	39	74	75
38	39	75	76
38	39	76	77
38	39	77	78
38	39	78	79
38	39	79	80
38	40	10	12
38	40	12	14
38	40	14	16
38	40	16	18
38	40	18	20
38	40	20	22
38	40	22	24
38	40	24	26
38	40	42	44
38	40	44	46
38	40	46	48
38	40	48	50
38	40	50	52
38	40	52	54
38	40	54	56
38	40	56	58
38	40	74	76
38	40	76	78
38	40	78	80
38	40	80	82
38	40	82	84
38	40	84	86
38	40	86	88
38	40	88	90
38	41	12	15
38	41	15	18
38	41	18	21
38	41	21	24
38	41	24	27
38	41	27	30
38	41	44	47
38	41	47	50
38	41	50	53
38	41	53	56
38	41	56	59
38	41	59	62
38	41	76	79
38	41	79	82
38	41	82	85
38	41	85	88
38	41	88	91
38	41	91	94
38	42	14	18
38	42	18	22
38	42	22	26
38	42	26	30
38	42	46	50
38	42	50	54
38	42	54	58
38	42	58	62
38	42	78	82
38	42	82	86
38	42	86	90
38	42	90	94
38	43	16	21
38	43	21	26
38	43	26	31
38	43	48	53
38	43	53	58
38	43	58	63
38	43	80	85
38	43	85	90
38	43	90	95
38	44	18	24
38	44	24	30
38	44	50	56
38	44	56	62
38	44	82	88
38	44	88	94
38	45	20	27
38	45	52	59
38	45	84	91
38	46	22	30
38	46	54	62
38	46	86	94
39	40	9	10
39	40	10	11
39	40	11	12
39	40	12	13
39	40	13	14
39	40	14	15
39	40	15	16
39	40	16	17
39	40	41	42
39	40	42	43
39	40	43	44
39	40	44	45
39	40	45	46
39	40	46	47
39	40	47	48
39	40	48	49
39	40	73	74
39	40	74	75
39	40	75	76
39	40	76	77
39	40	77	78
39	40	78	79
39	40	79	80
39	40	80	81
39	41	11	13
39	41	13	15
39	41	15	17
39	41	17	19
39	41	19	21
39	41	21	23
39	41	23	25
39	41	25	27
39	41	43	45
39	41	45	47
39	41	47	49
39	41	49	51
39	41	51	53
39	41	53	55
39	41	55	57
39	41	57	59
39	41	75	77
39	41	77	79
39	41	79	81
39	41	81	83
39	41	83	85
39	41	85	87
39	41	87	89
39	41	89	91
39	42	13	16
39	42	16	19
39	42	19	22
39	42	22	25
39	42	25	28
39	42	28	31
39	42	45	48
39	42	48	51
39	42	51	54
39	42	54	57
39	42	57	60
39	42	60	63
39	42	77	80
39	42	80	83
39	42	83	86
39	42	86	89
39	42	89	92
39	42	92	95
39	43	15	19
39	43	19	23
39	43	23	27
39	43	27	31
39	43	47	51
39	43	51	55
39	43	55	59
39	43	59	63
39	43	79	83
39	43	83	87
39	43	87	91
39	43	91	95
39	44	17	22
39	44	22	27
39	44	27	32
39	44	49	54
39	44	54	59
39	44	59	64
39	44	81	86
39	44	86	91
39	44	91	96
39	45	19	25
39	45	25	31
39	45	51	57
39	45	57	63
39	45	83	89
39	45	89	95
39	46	21	28
39	46	53	60
39	46	85	92
39	47	23	31
39	47	55	63
39	47	87	95
40	41	10	11
40	41	11	12
40	41	12	13
40	41	13	14
40	41	14	15
40	41	15	16
40	41	16	17
40	41	17	18
40	41	42	43
40	41	43	44
40	41	44	45
40	41	45	46
40	41	46	47
40	41	47	48
40	41	48	49
40	41	49	50
40	41	74	75
40	41	75	76
40	41	76	77
40	41	77	78
40	41	78	79
40	41	79	80
40	41	80	81
40	41	81	82
40	42	12	14
40	42	14	16
40	42	16	18
40	42	18	20
40	42	20	22
40	42	22	24
40	42	24	26
40	42	26	28
40	42	44	46
40	42	46	48
40	42	48	50
40	42	50	52
40	42	52	54
40	42	54	56
40	42	56	58
40	42	58	60
40	42	76	78
40	42	78	80
40	42	80	82
40	42	82	84
40	42	84	86
40	42	86	88
40	42	88	90
40	42	90	92
40	43	14	17
40	43	17	20
40	43	20	23
40	43	23	26
40	43	26	29
40	43	29	32
40	43	46	49
40	43	49	52
40	43	52	55
40	43	55	58
40	43	58	61
40	43	61	64
40	43	78	81
40	43	81	84
40	43	84	87
40	43	87	90
40	43	90	93
40	43	93	96
40	44	16	20
40	44	20	24
40	44	24	28
40	44	28	32
40	44	48	52
40	44	52	56
40	44	56	60
40	44	60	64
40	44	80	84
40	44	84	88
40	44	88	92
40	44	92	96
40	45	18	23
40	45	23	28
40	45	50	55
40	45	55	60
40	45	82	87
40	45	87	92
40	46	20	26
40	46	26	32
40	46	52	58
40	46	58	64
40	46	84	90
40	46	90	96
40	47	22	29
40	47	54	61
40	47	86	93
40	48	24	32
40	48	56	64
40	48	88	96
41	42	11	12
41	42	12	13
41	42	13	14
41	42	14	15
41	42	15	16
41	42	16	17
41	42	17	18
41	42	18	19
41	42	43	44
41	42	44	45
41	42	45	46
41	42	46	47
41	42	47	48
41	42	48	49
41	42	49	50
41	42	50	51
41	42	75	76
41	42	76	77
41	42	77	78
41	42	78	79
41	42	79	80
41	42	80	81
41	42	81	82
41	42	82	83
41	43	13	15
41	43	15	17
41	43	17	19
41	43	19	21
41	43	21	23
41	43	23	25
41	43	25	27
41	43	27	29
41	43	45	47
41	43	47	49
41	43	49	51
41	43	51	53
41	43	53	55
41	43	55	57
41	43	57	59
41	43	59	61
41	43	77	79
41	43	79	81
41	43	81	83
41	43	83	85
41	43	85	87
41	43	87	89
41	43	89	91
41	43	91	93
41	44	15	18
41	44	18	21
41	44	21	24
41	44	24	27
41	44	27	30
41	44	47	50
41	44	50	53
41	44	53	56
41	44	56	59
41	44	59	62
41	44	79	82
41	44	82	85
41	44	85	88
41	44	88	91
41	44	91	94
41	45	17	21
41	45	21	25
41	45	25	29
41	45	49	53
41	45	53	57
41	45	57	61
41	45	81	85
41	45	85	89
41	45	89	93
41	46	19	24
41	46	24	29
41	46	51	56
41	46	56	61
41	46	83	88
41	46	88	93
41	47	21	27
41	47	53	59
41	47	85	91
41	48	23	30
41	48	55	62
41	48	87	94
42	43	12	13
42	43	13	14
42	43	14	15
42	43	15	16
42	43	16	17
42	43	17	18
42	43	18	19
42	43	19	20
42	43	44	45
42	43	45	46
42	43	46	47
42	43	47	48
42	43	48	49
42	43	49	50
42	43	50	51
42	43	51	52
42	43	76	77
42	43	77	78
42	43	78	79
42	43	79	80
42	43	80	81
42	43	81	82
42	43	82	83
42	43	83	84
42	44	14	16
42	44	16	18
42	44	18	20
42	44	20	22
42	44	22	24
42	44	24	26
42	44	26	28
42	44	28	30
42	44	46	48
42	44	48	50
42	44	50	52
42	44	52	54
42	44	54	56
42	44	56	58
42	44	58	60
42	44	60	62
42	44	78	80
42	44	80	82
42	44	82	84
42	44	84	86
42	44	86	88
42	44	88	90
42	44	90	92
42	44	92	94
42	45	16	19
42	45	19	22
42	45	22	25
42	45	25	28
42	45	28	31
42	45	48	51
42	45	51	54
42	45	54	57
42	45	57	60
42	45	60	63
42	45	80	83
42	45	83	86
42	45	86	89
42	45	89	92
42	45	92	95
42	46	18	22
42	46	22	26
42	46	26	30
42	46	50	54
42	46	54	58
42	46	58	62
42	46	82	86
42	46	86	90
42	46	90	94
42	47	20	25
42	47	25	30
42	47	52	57
42	47	57	62
42	47	84	89
42	47	89	94
42	48	22	28
42	48	54	60
42	48	86	92
42	49	24	31
42	49	56	63
42	49	88	95
43	44	13	14
43	44	14	15
43	44	15	16
43	44	16	17
43	44	17	18
43	44	18	19
43	44	19	20
43	44	20	21
43	44	45	46
43	44	46	47
43	44	47	48
43	44	48	49
43	44	49	50
43	44	50	51
43	44	51	52
43	44	52	53
43	44	77	78
43	44	78	79
43	44	79	80
43	44	80	81
43	44	81	82
43	44	82	83
43	44	83	84
43	44	84	85
43	45	15	17
43	45	17	19
43	45	19	21
43	45	21	23
43	45	23	25
43	45	25	27
43	45	27	29
43	45	29	31
43	45	47	49
43	45	49	51
43	45	51	53
43	45	53	55
43	45	55	57
43	45	57	59
43	45	59	61
43	45	61	63
43	45	79	81
43	45	81	83
43	45	83	85
43	45	85	87
43	45	87	89
43	45	89	91
43	45	91	93
43	45	93	95
43	46	17	20
43	46	20	23
43	46	23	26
43	46	26	29
43	46	29	32
43	46	49	52
43	46	52	55
43	46	55	58
43	46	58	61
43	46	61	64
43	46	81	84
43	46	84	87
43	46	87	90
43	46	90	93
43	46	93	96
43	47	19	23
43	47	23	27
43	47	27	31
43	47	51	55
43	47	55	59
43	47	59	63
43	47	83	87
43	47	87	91
43	47	91	95
43	48	21	26
43	48	26	31
43	48	53	58
43	48	58	63
43	48	85	90
43	48	90	95
43	49	23	29
43	49	55	61
43	49	87	93
43	50	25	32
43	50	57	64
43	50	89	96
44	45	14	15
44	45	15	16
44	45	16	17
44	45	17	18
44	45	18	19
44	45	19	20
44	45	20	21
44	45	21	22
44	45	46	47
44	45	47	48
44	45	48	49
44	45	49	50
44	45	50	51
44	45	51	52
44	45	52	53
44	45	53	54
44	45	78	79
44	45	79	80
44	45	80	81
44	45	81	82
44	45	82	83
44	45	83	84
44	45	84	85
44	45	85	86
44	46	16	18
44	46	18	20
44	46	20	22
44	46	22	24
44	46	24	26
44	46	26	28
44	46	28	30
44	46	30	32
44	46	48	50
44	46	50	52
44	46	52	54
44	46	54	56
44	46	56	58
44	46	58	60
44	46	60	62
44	46	62	64
44	46	80	82
44	46	82	84
44	46	84	86
44	46	86	88
44	46	88	90
44	46	90	92
44	46	92	94
44	46	94	96
44	47	18	21
44	47	21	24
44	47	24	27
44	47	27	30
44	47	50	53
44	47	53	56
44	47	56	59
44	47	59	62
44	47	82	85
44	47	85	88
44	47	88	91
44	47	91	94
44	48	20	24
44	48	24	28
44	48	28	32
44	48	52	56
44	48	56	60
44	48	60	64
44	48	84	88
44	48	88	92
44	48	92	96
44	49	22	27
44	49	27	32
44	49	54	59
44	49	59	64
44	49	86	91
44	49	91	96
44	50	24	30
44	50	56	62
44	50	88	94
45	46	15	16
45	46	16	17
45	46	17	18
45	46	18	19
45	46	19	20
45	46	20	21
45	46	21	22
45	46	22	23
45	46	47	48
45	46	48	49
45	46	49	50
45	46	50	51
45	46	51	52
45	46	52	53
45	46	53	54
45	46	54	55
45	46	79	80
45	46	80	81
45	46	81	82
45	46	82	83
45	46	83	84
45	46	84	85
45	46	85	86
45	46	86	87
45	47	17	19
45	47	19	21
45	47	21	23
45	47	23	25
45	47	25	27
45	47	27	29
45	47	29	31
45	47	49	51
45	47	51	53
45	47	53	55
45	47	55	57
45	47	57	59
45	47	59	61
45	47	61	63
45	47	81	83
45	47	83	85
45	47	85	87
45	47	87	89
45	47	89	91
45	47	91	93
45	47	93	95
45	48	19	22
45	48	22	25
45	48	25	28
45	48	28	31
45	48	51	54
45	48	54	57
45	48	57	60
45	48	60	63
45	48	83	86
45	48	86	89
45	48	89	92
45	48	92	95
45	49	21	25
45	49	25	29
45	49	53	57
45	49	57	61
45	49	85	89
45	49	89	93
45	50	23	28
45	50	55	60
45	50	87	92
45	51	25	31
45	51	57	63
45	51	89	95
46	47	16	17
46	47	17	18
46	47	18	19
46	47	19	20
46	47	20	21
46	47	21	22
46	47	22	23
46	47	23	24
46	47	48	49
46	47	49	50
46	47	50	51
46	47	51	52
46	47	52	53
46	47	53	54
46	47	54	55
46	47	55	56
46	47	80	81
46	47	81	82
46	47	82	83
46	47	83	84
46	47	84	85
46	47	85	86
46	47	86	87
46	47	87	88
46	48	18	20
46	48	20	22
46	48	22	24
46	48	24	26
46	48	26	28
46	48	28	30
46	48	30	32
46	48	50	52
46	48	52	54
46	48	54	56
46	48	56	58
46	48	58	60
46	48	60	62
46	48	62	64
46	48	82	84
46	48	84	86
46	48	86	88
46	48	88	90
46	48	90	92
46	48	92	94
46	48	94	96
46	49	20	23
46	49	23	26
46	49	26	29
46	49	29	32
46	49	52	55
46	49	55	58
46	49	58	61
46	49	61	64
46	49	84	87
46	49	87	90
46	49	90	93
46	49	93	96
46	50	22	26
46	50	26	30
46	50	54	58
46	50	58	62
46	50	86	90
46	50	90	94
46	51	24	29
46	51	56	61
46	51	88	93
46	52	26	32
46	52	58	64
46	52	90	96
47	48	17	18
47	48	18	19
47	48	19	20
47	48	20	21
47	48	21	22
47	48	22	23
47	48	23	24
47	48	24	25
47	48	49	50
47	48	50	51
47	48	51	52
47	48	52	53
47	48	53	54
47	48	54	55
47	48	55	56
47	48	56	57
47	48	81	82
47	48	82	83
47	48	83	84
47	48	84	85
47	48	85	86
47	48	86	87
47	48	87	88
47	48	88	89
47	49	19	21
47	49	21	23
47	49	23	25
47	49	25	27
47	49	27	29
47	49	29	31
47	49	51	53
47	49	53	55
47	49	55	57
47	49	57	59
47	49	59	61
47	49	61	63
47	49	83	85
47	49	85	87
47	49	87	89
47	49	89	91
47	49	91	93
47	49	93	95
47	50	21	24
47	50	24	27
47	50	27	30
47	50	53	56
47	50	56	59
47	50	59	62
47	50	85	88
47	50	88	91
47	50	91	94
47	51	23	27
47	51	27	31
47	51	55	59
47	51	59	63
47	51	87	91
47	51	91	95
47	52	25	30
47	52	57	62
47	52	89	94
48	49	18	19
48	49	19	20
48	49	20	21
48	49	21	22
48	49	22	23
48	49	23	24
48	49	24	25
48	49	25	26
48	49	50	51
48	49	51	52
48	49	52	53
48	49	53	54
48	49	54	55
48	49	55	56
48	49	56	57
48	49	57	58
48	49	82	83
48	49	83	84
48	49	84	85
48	49	85	86
48	49	86	87
48	49	87	88
48	49	88	89
48	49	89	90
48	50	20	22
48	50	22	24
48	50	24	26
48	50	26	28
48	50	28	30
48	50	30	32
48	50	52	54
48	50	54	56
48	50	56	58
48	50	58	60
48	50	60	62
48	50	62	64
48	50	84	86
48	50	86	88
48	50	88	90
48	50	90	92
48	50	92	94
48	50	94	96
48	51	22	25
48	51	25	28
48	51	28	31
48	51	54	57
48	51	57	60
48	51	60	63
48	51	86	89
48	51	89	92
48	51	92	95
48	52	24	28
48	52	28	32
48	52	56	60
48	52	60	64
48	52	88	92
48	52	92	96
48	53	26	31
48	53	58	63
48	53	90	95
49	50	19	20
49	50	20	21
49	50	21	22
49	50	22	23
49	50	23	24
49	50	24	25
49	50	25	26
49	50	26	27
49	50	51	52
49	50	52	53
49	50	53	54
49	50	54	55
49	50	55	56
49	50	56	57
49	50	57	58
49	50	58	59
49	50	83	84
49	50	84	85
49	50	85	86
49	50	86	87
49	50	87	88
49	50	88	89
49	50	89	90
49	50	90	91
49	51	21	23
49	51	23	25
49	51	25	27
49	51	27	29
49	51	29	31
49	51	53	55
49	51	55	57
49	51	57	59
49	51	59	61
49	51	61	63
49	51	85	87
49	51	87	89
49	51	89	91
49	51	91	93
49	51	93	95
49	52	23	26
49	52	26	29
49	52	29	32
49	52	55	58
49	52	58	61
49	52	61	64
49	52	87	90
49	52	90	93
49	52	93	96
49	53	25	29
49	53	57	61
49	53	89	93
49	54	27	32
49	54	59	64
49	54	91	96
50	51	20	21
50	51	21	22
50	51	22	23
50	51	23	24
50	51	24	25
50	51	25	26
50	51	26	27
50	51	27	28
50	51	52	53
50	51	53	54
50	51	54	55
50	51	55	56
50	51	56	57
50	51	57	58
50	51	58	59
50	51	59	60
50	51	84	85
50	51	85	86
50	51	86	87
50	51	87	88
50	51	88	89
50	51	89	90
50	51	90	91
50	51	91	92
50	52	22	24
50	52	24	26
50	52	26	28
50	52	28	30
50	52	30	32
50	52	54	56
50	52	56	58
50	52	58	60
50	52	60	62
50	52	62	64
50	52	86	88
50	52	88	90
50	52	90	92
50	52	92	94
50	52	94	96
50	53	24	27
50	53	27	30
50	53	56	59
50	53	59	62
50	53	88	91
50	53	91	94
50	54	26	30
50	54	58	62
50	54	90	94
51	52	21	22
51	52	22	23
51	52	23	24
51	52	24	25
51	52	25	26
51	52	26	27
51	52	27	28
51	52	28	29
51	52	53	54
51	52	54	55
51	52	55	56
51	52	56	57
51	52	57	58
51	52	58	59
51	52	59	60
51	52	60	61
51	52	85	86
51	52	86	87
51	52	87	88
51	52	88	89
51	52	89	90
51	52	90	91
51	52	91	92
51	52	92	93
51	53	23	25
51	53	25	27
51	53	27	29
51	53	29	31
51	53	55	57
51	53	57	59
51	53	59	61
51	53	61	63
51	53	87	89
51	53	89	91
51	53	91	93
51	53	93	95
51	54	25	28
51	54	28	31
51	54	57	60
51	54	60	63
51	54	89	92
51	54	92	95
51	55	27	31
51	55	59	63
51	55	91	95
52	53	22	23
52	53	23	24
52	53	24	25
52	53	25	26
52	53	26	27
52	53	27	28
52	53	28	29
52	53	29	30
52	53	54	55
52	53	55	56
52	53	56	57
52	53	57	58
52	53	58	59
52	53	59	60
52	53	60	61
52	53	61	62
52	53	86	87
52	53	87	88
52	53	88	89
52	53	89	90
52	53	90	91
52	53	91	92
52	53	92	93
52	53	93	94
52	54	24	26
52	54	26	28
52	54	28	30
52	54	30	32
52	54	56	58
52	54	58	60
52	54	60	62
52	54	62	64
52	54	88	90
52	54	90	92
52	54	92	94
52	54	94	96
52	55	26	29
52	55	29	32
52	55	58	61
52	55	61	64
52	55	90	93
52	55	93	96
52	56	28	32
52	56	60	64
52	56	92	96
53	54	23	24
53	54	24	25
53	54	25	26
53	54	26	27
53	54	27	28
53	54	28	29
53	54	29	30
53	54	30	31
53	54	55	56
53	54	56	57
53	54	57	58
53	54	58	59
53	54	59	60
53	54	60	61
53	54	61	62
53	54	62	63
53	54	87	88
53	54	88	89
53	54	89	90
53	54	90	91
53	54	91	92
53	54	92	93
53	54	93	94
53	54	94	95
53	55	25	27
53	55	27	29
53	55	29	31
53	55	57	59
53	55	59	61
53	55	61	63
53	55	89	91
53	55	91	93
53	55	93	95
53	56	27	30
53	56	59	62
53	56	91	94
54	55	24	25
54	55	25	26
54	55	26	27
54	55	27	28
54	55	28	29
54	55	29	30
54	55	30	31
54	55	31	32
54	55	56	57
54	55	57	58
54	55	58	59
54	55	59	60
54	55	60	61
54	55	61	62
54	55	62	63
54	55	63	64
54	55	88	89
54	55	89	90
54	55	90	91
54	55	91	92
54	55	92	93
54	55	93	94
54	55	94	95
54	55	95	96
54	56	26	28
54	56	28	30
54	56	30	32
54	56	58	60
54	56	60	62
54	56	62	64
54	56	90	92
54	56	92	94
54	56	94	96
54	57	28	31
54	57	60	63
54	57	92	95
55	56	25	26
55	56	26	27
55	56	27	28
55	56	28	29
55	56	29	30
55	56	30	31
55	56	31	32
55	56	57	58
55	56	58	59
55	56	59	60
55	56	60	61
55	56	61	62
55	56	62	63
55	56	63	64
55	56	89	90
55	56	90	91
55	56	91	92
55	56	92	93
55	56	93	94
55	56	94	95
55	56	95	96
55	57	27	29
55	57	29	31
55	57	59	61
55	57	61	63
55	57	91	93
55	57	93	95
55	58	29	32
55	58	61	64
55	58	93	96
56	57	26	27
56	57	27	28
56	57	28	29
56	57	29	30
56	57	30	31
56	57	31	32
56	57	58	59
56	57	59	60
56	57	60	61
56	57	61	62
56	57	62	63
56	57	63	64
56	57	90	91
56	57	91	92
56	57	92	93
56	57	93	94
56	57	94	95
56	57	95	96
56	58	28	30
56	58	30	32
56	58	60	62
56	58	62	64
56	58	92	94
56	58	94	96
57	58	27	28
57	58	28	29
57	58	29	30
57	58	30	31
57	58	31	32
57	58	59	60
57	58	60	61
57	58	61	62
57	58	62	63
57	58	63	64
57	58	91	92
57	58	92	93
57	58	93	94
57	58	94	95
57	58	95	96
57	59	29	31
57	59	61	63
57	59	93	95
58	59	28	29
58	59	29	30
58	59	30	31
58	59	31	32
58	59	60	61
58	59	61	62
58	59	62	63
58	59	63	64
58	59	92	93
58	59	93	94
58	59	94	95
58	59	95	96
58	60	30	32
58	60	62	64
58	60	94	96
59	60	29	30
59	60	30	31
59	60	31	32
59	60	61	62
59	60	62	63
59	60	63	64
59	60	93	94
59	60	94	95
59	60	95	96
60	61	30	31
60	61	31	32
60	61	62	63
60	61	63	64
60	61	94	95
60	61	95	96
61	62	31	32
61	62	63	64
61	62	95	96
97	98	99	100
97	98	100	101
97	98	101	102
97	98	102	103
97	98	103	104
97	98	104	105
97	98	105	106
97	99	101	103
97	99	103	105
97	99	105	107
97	99	107	109
97	99	109	111
97	99	111	113
97	99	113	115
97	100	103	106
97	100	106	109
97	100	109	112
97	100	112	115
97	100	115	118
97	100	118	121
97	100	121	124
97	101	105	109
97	101	109	113
97	101	113	117
97	101	117	121
97	101	121	125
97	102	107	112
97	102	112	117
97	102	117	122
97	102	122	127
97	103	109	115
97	103	115	121
97	103	121	127
97	104	111	118
97	104	118	125
97	105	113	121
97	106	115	124
97	107	117	127
98	99	100	101
98	99	101	102
98	99	102	103
98	99	103	104
98	99	104	105
98	99	105	106
98	99	106	107
98	100	102	104
98	100	104	106
98	100	106	108
98	100	108	110
98	100	110	112
98	100	112	114
98	100	114	116
98	101	104	107
98	101	107	110
98	101	110	113
98	101	113	116
98	101	116	119
98	101	119	122
98	101	122	125
98	102	106	110
98	102	110	114
98	102	114	118
98	102	118	122
98	102	122	126
98	103	108	113
98	103	113	118
98	103	118	123
98	103	123	128
98	104	110	116
98	104	116	122
98	104	122	128
98	105	112	119
98	105	119	126
98	106	114	122
98	107	116	125
98	108	118	128
99	100	101	102
99	100	102	103
99	100	103	104
99	100	104	105
99	100	105	106
99	100	106	107
99	100	107	108
99	101	103	105
99	101	105	107
99	101	107	109
99	101	109	111
99	101	111	113
99	101	113	115
99	101	115	117
99	102	105	108
99	102	108	111
99	102	111	114
99	102	114	117
99	102	117	120
99	102	120	123
99	102	123	126
99	103	107	111
99	103	111	115
99	103	115	119
99	103	119	123
99	103	123	127
99	104	109	114
99	104	114	119
99	104	119	124
99	105	111	117
99	105	117	123
99	106	113	120
99	106	120	127
99	107	115	123
99	108	117	126
100	101	102	103
100	101	103	104
100	101	104	105
100	101	105	106
100	101	106	107
100	101	107	108
100	101	108	109
100	102	104	106
100	102	106	108
100	102	108	110
100	102	110	112
100	102	112	114
100	102	114	116
100	102	116	118
100	103	106	109
100	103	109	112
100	103	112	115
100	103	115	118
100	103	118	121
100	103	121	124
100	103	124	127
100	104	108	112
100	104	112	116
100	104	116	120
100	104	120	124
100	104	124	128
100	105	110	115
100	105	115	120
100	105	120	125
100	106	112	118
100	106	118	124
100	107	114	121
100	107	121	128
100	108	116	124
100	109	118	127
101	102	103	104
101	102	104	105
101	102	105	106
101	102	106	107
101	102	107	108
101	102	108	109
101	102	109	110
101	103	105	107
101	103	107	109
101	103	109	111
101	103	111	113
101	103	113	115
101	103	115	117
101	103	117	119
101	104	107	110
101	104	110	113
101	104	113	116
101	104	116	119
101	104	119	122
101	104	122	125
101	104	125	128
101	105	109	113
101	105	113	117
101	105	117	121
101	105	121	125
101	106	111	116
101	106	116	121
101	106	121	126
101	107	113	119
101	107	119	125
101	108	115	122
101	109	117	125
101	110	119	128
102	103	104	105
102	103	105	106
102	103	106	107
102	103	107	108
102	103	108	109
102	103	109	110
102	103	110	111
102	104	106	108
102	104	108	110
102	104	110	112
102	104	112	114
102	104	114	116
102	104	116	118
102	104	118	120
102	105	108	111
102	105	111	114
102	105	114	117
102	105	117	120
102	105	120	123
102	105	123	126
102	106	110	114
102	106	114	118
102	106	118	122
102	106	122	126
102	107	112	117
102	107	117	122
102	107	122	127
102	108	114	120
102	108	120	126
102	109	116	123
102	110	118	126
103	104	105	106
103	104	106	107
103	104	107	108
103	104	108	109
103	104	109	110
103	104	110	111
103	104	111	112
103	105	107	109
103	105	109	111
103	105	111	113
103	105	113	115
103	105	115	117
103	105	117	119
103	105	119	121
103	106	109	112
103	106	112	115
103	106	115	118
103	106	118	121
103	106	121	124
103	106	124	127
103	107	111	115
103	107	115	119
103	107	119	123
103	107	123	127
103	108	113	118
103	108	118	123
103	108	123	128
103	109	115	121
103	109	121	127
103	110	117	124
103	111	119	127
104	105	106	107
104	105	107	108
104	105	108	109
104	105	109	110
104	105	110	111
104	105	111	112
104	105	112	113
104	106	108	110
104	106	110	112
104	106	112	114
104	106	114	116
104	106	116	118
104	106	118	120
104	106	120	122
104	107	110	113
104	107	113	116
104	107	116	119
104	107	119	122
104	107	122	125
104	107	125	128
104	108	112	116
104	108	116	120
104	108	120	124
104	108	124	128
104	109	114	119
104	109	119	124
104	110	116	122
104	110	122	128
104	111	118	125
104	112	120	128
105	106	107	108
105	106	108	109
105	106	109	110
105	106	110	111
105	106	111	112
105	106	112	113
105	106	113	114
105	107	109	111
105	107	111	113
105	107	113	115
105	107	115	117
105	107	117	119
105	107	119	121
105	107	121	123
105	108	111	114
105	108	114	117
105	108	117	120
105	108	120	123
105	108	123	126
105	109	113	117
105	109	117	121
105	109	121	125
105	110	115	120
105	110	120	125
105	111	117	123
105	112	119	126
106	107	108	109
106	107	109	110
106	107	110	111
106	107	111	112
106	107	112	113
106	107	113	114
106	107	114	115
106	108	110	112
106	108	112	114
106	108	114	116
106	108	116	118
106	108	118	120
106	108	120	122
106	108	122	124
106	109	112	115
106	109	115	118
106	109	118	121
106	109	121	124
106	109	124	127
106	110	114	118
106	110	118	122
106	110	122	126
106	111	116	121
106	111	121	126
106	112	118	124
106	113	120	127
107	108	109	110
107	108	110	111
107	108	111	112
107	108	112	113
107	108	113	114
107	108	114	115
107	108	115	116
107	109	111	113
107	109	113	115
107	109	115	117
107	109	117	119
107	109	119	121
107	109	121	123
107	109	123	125
107	110	113	116
107	110	116	119
107	110	119	122
107	110	122	125
107	110	125	128
107	111	115	119
107	111	119	123
107	111	123	127
107	112	117	122
107	112	122	127
107	113	119	125
107	114	121	128
108	109	110	111
108	109	111	112
108	109	112	113
108	109	113	114
108	109	114	115
108	109	115	116
108	109	116	117
108	110	112	114
108	110	114	116
108	110	116	118
108	110	118	120
108	110	120	122
108	110	122	124
108	110	124	126
108	111	114	117
108	111	117	120
108	111	120	123
108	111	123	126
108	112	116	120
108	112	120	124
108	112	124	128
108	113	118	123
108	113	123	128
108	114	120	126
109	110	111	112
109	110	112	113
109	110	113	114
109	110	114	115
109	110	115	116
109	110	116	117
109	110	117	118
109	111	113	115
109	111	115	117
109	111	117	119
109	111	119	121
109	111	121	123
109	111	123	125
109	111	125	127
109	112	115	118
109	112	118	121
109	112	121	124
109	112	124	127
109	113	117	121
109	113	121	125
109	114	119	124
109	115	121	127
110	111	112	113
110	111	113	114
110	111	114	115
110	111	115	116
110	111	116	117
110	111	117	118
110	111	118	119
110	112	114	116
110	112	116	118
110	112	118	120
110	112	120	122
110	112	122	124
110	112	124	126
110	112	126	128
110	113	116	119
110	113	119	122
110	113	122	125
110	113	125	128
110	114	118	122
110	114	122	126
110	115	120	125
110	116	122	128
111	112	113	114
111	112	114	115
111	112	115	116
111	112	116	117
111	112	117	118
111	112	118	119
111	112	119	120
111	113	115	117
111	113	117	119
111	113	119	121
111	113	121	123
111	113	123	125
111	113	125	127
111	114	117	120
111	114	120	123
111	114	123	126
111	115	119	123
111	115	123	127
111	116	121	126
112	113	114	115
112	113	115	116
112	113	116	117
112	113	117	118
112	113	118	119
112	113	119	120
112	113	120	121
112	114	116	118
112	114	118	120
112	114	120	122
112	114	122	124
112	114	124	126
112	114	126	128
112	115	118	121
112	115	121	124
112	115	124	127
112	116	120	124
112	116	124	128
112	117	122	127
113	114	115	116
113	114	116	117
113	114	117	118
113	114	118	119
113	114	119	120
113	114	120	121
113	114	121	122
113	115	117	119
113	115	119	121
113	115	121	123
113	115	123	125
113	115	125	127
113	116	119	122
113	116	122	125
113	116	125	128
113	117	121	125
113	118	123	128
114	115	116	117
114	115	117	118
114	115	118	119
114	115	119	120
114	115	120	121
114	115	121	122
114	115	122	123
114	116	118	120
114	116	120	122
114	116	122	124
114	116	124	126
114	116	126	128
114	117	120	123
114	117	123	126
114	118	122	126
115	116	117	118
115	116	118	119
115	116	119	120
115	116	120	121
115	116	121	122
115	116	122	123
115	116	123	124
115	117	119	121
115	117	121	123
115	117	123	125
115	117	125	127
115	118	121	124
115	118	124	127
115	119	123	127
116	117	118	119
116	117	119	120
116	117	120	121
116	117	121	122
116	117	122	123
116	117	123	124
116	117	124	125
116	118	120	122
116	118	122	124
116	118	124	126
116	118	126	128
116	119	122	125
116	119	125	128
116	120	124	128
117	118	119	120
117	118	120	121
117	118	121	122
117	118	122	123
117	118	123	124
117	118	124	125
117	118	125	126
117	119	121	123
117	119	123	125
117	119	125	127
117	120	123	126
118	119	120	121
118	119	121	122
118	119	122	123
118	119	123	124
118	119	124	125
118	119	125	126
118	119	126	127
118	120	122	124
118	120	124	126
118	120	126	128
118	121	124	127
119	120	121	122
119	120	122	123
119	120	123	124
119	120	124	125
119	120	125	126
119	120	126	127
119	120	127	128
119	121	123	125
119	121	125	127
119	122	125	128
120	121	122	123
120	121	123	124
120	121	124	125
120	121	125	126
120	121	126	127
120	121	127	128
120	122	124	126
120	122	126	128
121	122	123	124
121	122	124	125
121	122	125	126
121	122	126	127
121	122	127	128
121	123	125	127
122	123	124	125
122	123	125	126
122	123	126	127
122	123	127	128
122	124	126	128
123	124	125	126
123	124	126	127
123	124	127	128
124	125	126	127
124	125	127	128
125	126	127	128
