1	10	2	3
1	10	3	4
1	10	4	5
1	10	5	6
1	10	6	7
1	10	7	8
1	10	8	9
1	19	3	5
1	19	5	7
1	19	7	9
1	19	9	11
1	19	11	13
1	19	13	15
1	19	15	17
1	28	4	7
1	28	7	10
1	28	10	13
1	28	13	16
1	28	16	19
1	28	19	22
1	28	22	25
1	37	5	9
1	37	9	13
1	37	13	17
1	37	17	21
1	37	21	25
1	37	25	29
1	37	29	33
1	37	29	65
1	46	6	11
1	46	11	16
1	46	16	21
1	46	21	26
1	46	26	31
1	46	31	36
1	46	31	68
1	46	36	41
1	46	68	73
1	55	7	13
1	55	13	19
1	55	19	25
1	55	25	31
1	55	31	37
1	55	31	69
1	55	37	43
1	55	43	49
1	55	69	75
1	55	75	81
1	64	8	15
1	64	15	22
1	64	22	29
1	64	29	36
1	64	29	68
1	64	36	43
1	64	43	50
1	64	50	57
1	64	68	75
1	64	75	82
1	64	82	89
2	11	3	4
2	11	4	5
2	11	5	6
2	11	6	7
2	11	7	8
2	11	8	9
2	11	9	10
2	20	4	6
2	20	6	8
2	20	8	10
2	20	10	12
2	20	12	14
2	20	14	16
2	20	16	18
2	29	5	8
2	29	8	11
2	29	11	14
2	29	14	17
2	29	17	20
2	29	20	23
2	29	23	26
2	38	6	10
2	38	10	14
2	38	14	18
2	38	18	22
2	38	22	26
2	38	26	30
2	38	30	34
2	38	30	66
2	47	7	12
2	47	12	17
2	47	17	22
2	47	22	27
2	47	27	32
2	47	32	37
2	47	32	69
2	47	37	42
2	47	69	74
2	56	8	14
2	56	14	20
2	56	20	26
2	56	26	32
2	56	32	38
2	56	32	70
2	56	38	44
2	56	44	50
2	56	70	76
2	56	76	82
3	12	4	5
3	12	5	6
3	12	6	7
3	12	7	8
3	12	8	9
3	12	9	10
3	12	10	11
3	21	5	7
3	21	7	9
3	21	9	11
3	21	11	13
3	21	13	15
3	21	15	17
3	21	17	19
3	30	6	9
3	30	9	12
3	30	12	15
3	30	15	18
3	30	18	21
3	30	21	24
3	30	24	27
3	39	7	11
3	39	11	15
3	39	15	19
3	39	19	23
3	39	23	27
3	39	27	31
3	39	31	35
3	39	31	67
3	48	8	13
3	48	13	18
3	48	18	23
3	48	23	28
3	48	28	33
3	48	28	65
3	48	33	38
3	48	38	43
3	48	65	70
3	48	70	75
3	57	9	15
3	57	15	21
3	57	21	27
3	57	27	33
3	57	27	65
3	57	33	39
3	57	39	45
3	57	45	51
3	57	65	71
3	57	71	77
3	57	77	83
4	13	5	6
4	13	6	7
4	13	7	8
4	13	8	9
4	13	9	10
4	13	10	11
4	13	11	12
4	22	6	8
4	22	8	10
4	22	10	12
4	22	12	14
4	22	14	16
4	22	16	18
4	22	18	20
4	31	7	10
4	31	10	13
4	31	13	16
4	31	16	19
4	31	19	22
4	31	22	25
4	31	25	28
4	40	8	12
4	40	12	16
4	40	16	20
4	40	20	24
4	40	24	28
4	40	28	32
4	40	32	36
4	40	32	68
4	49	9	14
4	49	14	19
4	49	19	24
4	49	24	29
4	49	29	34
4	49	29	66
4	49	34	39
4	49	39	44
4	49	66	71
4	49	71	76
4	58	10	16
4	58	16	22
4	58	22	28
4	58	28	34
4	58	28	66
4	58	34	40
4	58	40	46
4	58	46	52
4	58	66	72
4	58	72	78
4	58	78	84
5	14	6	7
5	14	7	8
5	14	8	9
5	14	9	10
5	14	10	11
5	14	11	12
5	14	12	13
5	23	7	9
5	23	9	11
5	23	11	13
5	23	13	15
5	23	15	17
5	23	17	19
5	23	19	21
5	32	8	11
5	32	11	14
5	32	14	17
5	32	17	20
5	32	20	23
5	32	23	26
5	32	26	29
5	41	9	13
5	41	13	17
5	41	17	21
5	41	21	25
5	41	25	29
5	41	29	33
5	41	29	65
5	41	33	37
5	41	65	69
5	50	10	15
5	50	15	20
5	50	20	25
5	50	25	30
5	50	30	35
5	50	30	67
5	50	35	40
5	50	40	45
5	50	67	72
5	50	72	77
5	59	11	17
5	59	17	23
5	59	23	29
5	59	29	35
5	59	29	67
5	59	35	41
5	59	41	47
5	59	47	53
5	59	67	73
5	59	73	79
5	59	79	85
6	15	7	8
6	15	8	9
6	15	9	10
6	15	10	11
6	15	11	12
6	15	12	13
6	15	13	14
6	24	8	10
6	24	10	12
6	24	12	14
6	24	14	16
6	24	16	18
6	24	18	20
6	24	20	22
6	33	9	12
6	33	12	15
6	33	15	18
6	33	18	21
6	33	21	24
6	33	24	27
6	33	27	30
6	42	10	14
6	42	14	18
6	42	18	22
6	42	22	26
6	42	26	30
6	42	30	34
6	42	30	66
6	42	34	38
6	42	66	70
6	51	11	16
6	51	16	21
6	51	21	26
6	51	26	31
6	51	31	36
6	51	31	68
6	51	36	41
6	51	41	46
6	51	68	73
6	51	73	78
6	60	12	18
6	60	18	24
6	60	24	30
6	60	30	36
6	60	30	68
6	60	36	42
6	60	42	48
6	60	48	54
6	60	68	74
6	60	74	80
6	60	80	86
7	16	8	9
7	16	9	10
7	16	10	11
7	16	11	12
7	16	12	13
7	16	13	14
7	16	14	15
7	25	9	11
7	25	11	13
7	25	13	15
7	25	15	17
7	25	17	19
7	25	19	21
7	25	21	23
7	34	10	13
7	34	13	16
7	34	16	19
7	34	19	22
7	34	22	25
7	34	25	28
7	34	28	31
7	43	11	15
7	43	15	19
7	43	19	23
7	43	23	27
7	43	27	31
7	43	31	35
7	43	31	67
7	43	35	39
7	43	67	71
7	52	12	17
7	52	17	22
7	52	22	27
7	52	27	32
7	52	32	37
7	52	32	69
7	52	37	42
7	52	42	47
7	52	69	74
7	52	74	79
7	61	13	19
7	61	19	25
7	61	25	31
7	61	31	37
7	61	31	69
7	61	37	43
7	61	43	49
7	61	49	55
7	61	69	75
7	61	75	81
7	61	81	87
8	17	9	10
8	17	10	11
8	17	11	12
8	17	12	13
8	17	13	14
8	17	14	15
8	17	15	16
8	26	10	12
8	26	12	14
8	26	14	16
8	26	16	18
8	26	18	20
8	26	20	22
8	26	22	24
8	35	11	14
8	35	14	17
8	35	17	20
8	35	20	23
8	35	23	26
8	35	26	29
8	35	29	32
8	44	12	16
8	44	16	20
8	44	20	24
8	44	24	28
8	44	28	32
8	44	32	36
8	44	32	68
8	44	36	40
8	44	68	72
8	53	13	18
8	53	18	23
8	53	23	28
8	53	28	33
8	53	28	65
8	53	33	38
8	53	38	43
8	53	43	48
8	53	65	70
8	53	70	75
8	53	75	80
8	62	14	20
8	62	20	26
8	62	26	32
8	62	32	38
8	62	32	70
8	62	38	44
8	62	44	50
8	62	50	56
8	62	70	76
8	62	76	82
8	62	82	88
9	18	10	11
9	18	11	12
9	18	12	13
9	18	13	14
9	18	14	15
9	18	15	16
9	18	16	17
9	27	11	13
9	27	13	15
9	27	15	17
9	27	17	19
9	27	19	21
9	27	21	23
9	27	23	25
9	36	12	15
9	36	15	18
9	36	18	21
9	36	21	24
9	36	24	27
9	36	27	30
9	36	30	33
9	36	30	65
9	45	13	17
9	45	17	21
9	45	21	25
9	45	25	29
9	45	29	33
9	45	29	65
9	45	33	37
9	45	37	41
9	45	65	69
9	45	69	73
9	54	14	19
9	54	19	24
9	54	24	29
9	54	29	34
9	54	29	66
9	54	34	39
9	54	39	44
9	54	44	49
9	54	66	71
9	54	71	76
9	54	76	81
9	63	15	21
9	63	21	27
9	63	27	33
9	63	27	65
9	63	33	39
9	63	39	45
9	63	45	51
9	63	51	57
9	63	65	71
9	63	71	77
9	63	77	83
9	63	83	89
10	19	11	12
10	19	12	13
10	19	13	14
10	19	14	15
10	19	15	16
10	19	16	17
10	19	17	18
10	28	12	14
10	28	14	16
10	28	16	18
10	28	18	20
10	28	20	22
10	28	22	24
10	28	24	26
10	37	13	16
10	37	16	19
10	37	19	22
10	37	22	25
10	37	25	28
10	37	28	31
10	37	31	34
10	37	31	66
10	46	14	18
10	46	18	22
10	46	22	26
10	46	26	30
10	46	30	34
10	46	30	66
10	46	34	38
10	46	38	42
10	46	66	70
10	46	70	74
10	55	15	20
10	55	20	25
10	55	25	30
10	55	30	35
10	55	30	67
10	55	35	40
10	55	40	45
10	55	45	50
10	55	67	72
10	55	72	77
10	55	77	82
10	64	16	22
10	64	22	28
10	64	28	34
10	64	28	66
10	64	34	40
10	64	40	46
10	64	46	52
10	64	52	58
10	64	66	72
10	64	72	78
10	64	78	84
10	64	84	90
11	20	12	13
11	20	13	14
11	20	14	15
11	20	15	16
11	20	16	17
11	20	17	18
11	20	18	19
11	29	13	15
11	29	15	17
11	29	17	19
11	29	19	21
11	29	21	23
11	29	23	25
11	29	25	27
11	38	14	17
11	38	17	20
11	38	20	23
11	38	23	26
11	38	26	29
11	38	29	32
11	38	32	35
11	38	32	67
11	47	15	19
11	47	19	23
11	47	23	27
11	47	27	31
11	47	31	35
11	47	31	67
11	47	35	39
11	47	39	43
11	47	67	71
11	47	71	75
11	56	16	21
11	56	21	26
11	56	26	31
11	56	31	36
11	56	31	68
11	56	36	41
11	56	41	46
11	56	46	51
11	56	68	73
11	56	73	78
11	56	78	83
12	21	13	14
12	21	14	15
12	21	15	16
12	21	16	17
12	21	17	18
12	21	18	19
12	21	19	20
12	30	14	16
12	30	16	18
12	30	18	20
12	30	20	22
12	30	22	24
12	30	24	26
12	30	26	28
12	39	15	18
12	39	18	21
12	39	21	24
12	39	24	27
12	39	27	30
12	39	30	33
12	39	30	65
12	39	33	36
12	39	65	68
12	48	16	20
12	48	20	24
12	48	24	28
12	48	28	32
12	48	32	36
12	48	32	68
12	48	36	40
12	48	40	44
12	48	68	72
12	48	72	76
12	57	17	22
12	57	22	27
12	57	27	32
12	57	32	37
12	57	32	69
12	57	37	42
12	57	42	47
12	57	47	52
12	57	69	74
12	57	74	79
12	57	79	84
13	22	14	15
13	22	15	16
13	22	16	17
13	22	17	18
13	22	18	19
13	22	19	20
13	22	20	21
13	31	15	17
13	31	17	19
13	31	19	21
13	31	21	23
13	31	23	25
13	31	25	27
13	31	27	29
13	40	16	19
13	40	19	22
13	40	22	25
13	40	25	28
13	40	28	31
13	40	31	34
13	40	31	66
13	40	34	37
13	40	66	69
13	49	17	21
13	49	21	25
13	49	25	29
13	49	29	33
13	49	29	65
13	49	33	37
13	49	37	41
13	49	41	45
13	49	65	69
13	49	69	73
13	49	73	77
13	58	18	23
13	58	23	28
13	58	28	33
13	58	28	65
13	58	33	38
13	58	38	43
13	58	43	48
13	58	48	53
13	58	65	70
13	58	70	75
13	58	75	80
13	58	80	85
14	23	15	16
14	23	16	17
14	23	17	18
14	23	18	19
14	23	19	20
14	23	20	21
14	23	21	22
14	32	16	18
14	32	18	20
14	32	20	22
14	32	22	24
14	32	24	26
14	32	26	28
14	32	28	30
14	41	17	20
14	41	20	23
14	41	23	26
14	41	26	29
14	41	29	32
14	41	32	35
14	41	32	67
14	41	35	38
14	41	67	70
14	50	18	22
14	50	22	26
14	50	26	30
14	50	30	34
14	50	30	66
14	50	34	38
14	50	38	42
14	50	42	46
14	50	66	70
14	50	70	74
14	50	74	78
14	59	19	24
14	59	24	29
14	59	29	34
14	59	29	66
14	59	34	39
14	59	39	44
14	59	44	49
14	59	49	54
14	59	66	71
14	59	71	76
14	59	76	81
14	59	81	86
15	24	16	17
15	24	17	18
15	24	18	19
15	24	19	20
15	24	20	21
15	24	21	22
15	24	22	23
15	33	17	19
15	33	19	21
15	33	21	23
15	33	23	25
15	33	25	27
15	33	27	29
15	33	29	31
15	42	18	21
15	42	21	24
15	42	24	27
15	42	27	30
15	42	30	33
15	42	30	65
15	42	33	36
15	42	36	39
15	42	65	68
15	42	68	71
15	51	19	23
15	51	23	27
15	51	27	31
15	51	31	35
15	51	31	67
15	51	35	39
15	51	39	43
15	51	43	47
15	51	67	71
15	51	71	75
15	51	75	79
15	60	20	25
15	60	25	30
15	60	30	35
15	60	30	67
15	60	35	40
15	60	40	45
15	60	45	50
15	60	50	55
15	60	67	72
15	60	72	77
15	60	77	82
15	60	82	87
16	25	17	18
16	25	18	19
16	25	19	20
16	25	20	21
16	25	21	22
16	25	22	23
16	25	23	24
16	34	18	20
16	34	20	22
16	34	22	24
16	34	24	26
16	34	26	28
16	34	28	30
16	34	30	32
16	43	19	22
16	43	22	25
16	43	25	28
16	43	28	31
16	43	31	34
16	43	31	66
16	43	34	37
16	43	37	40
16	43	66	69
16	43	69	72
16	52	20	24
16	52	24	28
16	52	28	32
16	52	32	36
16	52	32	68
16	52	36	40
16	52	40	44
16	52	44	48
16	52	68	72
16	52	72	76
16	52	76	80
16	61	21	26
16	61	26	31
16	61	31	36
16	61	31	68
16	61	36	41
16	61	41	46
16	61	46	51
16	61	51	56
16	61	68	73
16	61	73	78
16	61	78	83
16	61	83	88
17	26	18	19
17	26	19	20
17	26	20	21
17	26	21	22
17	26	22	23
17	26	23	24
17	26	24	25
17	35	19	21
17	35	21	23
17	35	23	25
17	35	25	27
17	35	27	29
17	35	29	31
17	35	31	33
17	35	31	65
17	44	20	23
17	44	23	26
17	44	26	29
17	44	29	32
17	44	32	35
17	44	32	67
17	44	35	38
17	44	38	41
17	44	67	70
17	44	70	73
17	53	21	25
17	53	25	29
17	53	29	33
17	53	29	65
17	53	33	37
17	53	37	41
17	53	41	45
17	53	45	49
17	53	65	69
17	53	69	73
17	53	73	77
17	53	77	81
17	62	22	27
17	62	27	32
17	62	32	37
17	62	32	69
17	62	37	42
17	62	42	47
17	62	47	52
17	62	52	57
17	62	69	74
17	62	74	79
17	62	79	84
17	62	84	89
18	27	19	20
18	27	20	21
18	27	21	22
18	27	22	23
18	27	23	24
18	27	24	25
18	27	25	26
18	36	20	22
18	36	22	24
18	36	24	26
18	36	26	28
18	36	28	30
18	36	30	32
18	36	32	34
18	36	32	66
18	45	21	24
18	45	24	27
18	45	27	30
18	45	30	33
18	45	30	65
18	45	33	36
18	45	36	39
18	45	39	42
18	45	65	68
18	45	68	71
18	45	71	74
18	54	22	26
18	54	26	30
18	54	30	34
18	54	30	66
18	54	34	38
18	54	38	42
18	54	42	46
18	54	46	50
18	54	66	70
18	54	70	74
18	54	74	78
18	54	78	82
18	63	23	28
18	63	28	33
18	63	28	65
18	63	33	38
18	63	38	43
18	63	43	48
18	63	48	53
18	63	53	58
18	63	65	70
18	63	70	75
18	63	75	80
18	63	80	85
18	63	85	90
19	28	20	21
19	28	21	22
19	28	22	23
19	28	23	24
19	28	24	25
19	28	25	26
19	28	26	27
19	37	21	23
19	37	23	25
19	37	25	27
19	37	27	29
19	37	29	31
19	37	31	33
19	37	31	65
19	37	33	35
19	37	65	67
19	46	22	25
19	46	25	28
19	46	28	31
19	46	31	34
19	46	31	66
19	46	34	37
19	46	37	40
19	46	40	43
19	46	66	69
19	46	69	72
19	46	72	75
19	55	23	27
19	55	27	31
19	55	31	35
19	55	31	67
19	55	35	39
19	55	39	43
19	55	43	47
19	55	47	51
19	55	67	71
19	55	71	75
19	55	75	79
19	55	79	83
19	64	24	29
19	64	29	34
19	64	29	66
19	64	34	39
19	64	39	44
19	64	44	49
19	64	49	54
19	64	54	59
19	64	66	71
19	64	71	76
19	64	76	81
19	64	81	86
19	64	86	91
20	29	21	22
20	29	22	23
20	29	23	24
20	29	24	25
20	29	25	26
20	29	26	27
20	29	27	28
20	38	22	24
20	38	24	26
20	38	26	28
20	38	28	30
20	38	30	32
20	38	32	34
20	38	32	66
20	38	34	36
20	38	66	68
20	47	23	26
20	47	26	29
20	47	29	32
20	47	32	35
20	47	32	67
20	47	35	38
20	47	38	41
20	47	41	44
20	47	67	70
20	47	70	73
20	47	73	76
20	56	24	28
20	56	28	32
20	56	32	36
20	56	32	68
20	56	36	40
20	56	40	44
20	56	44	48
20	56	48	52
20	56	68	72
20	56	72	76
20	56	76	80
20	56	80	84
21	30	22	23
21	30	23	24
21	30	24	25
21	30	25	26
21	30	26	27
21	30	27	28
21	30	28	29
21	39	23	25
21	39	25	27
21	39	27	29
21	39	29	31
21	39	31	33
21	39	31	65
21	39	33	35
21	39	35	37
21	39	65	67
21	39	67	69
21	48	24	27
21	48	27	30
21	48	30	33
21	48	30	65
21	48	33	36
21	48	36	39
21	48	39	42
21	48	42	45
21	48	65	68
21	48	68	71
21	48	71	74
21	48	74	77
21	57	25	29
21	57	29	33
21	57	29	65
21	57	33	37
21	57	37	41
21	57	41	45
21	57	45	49
21	57	49	53
21	57	65	69
21	57	69	73
21	57	73	77
21	57	77	81
21	57	81	85
22	31	23	24
22	31	24	25
22	31	25	26
22	31	26	27
22	31	27	28
22	31	28	29
22	31	29	30
22	40	24	26
22	40	26	28
22	40	28	30
22	40	30	32
22	40	32	34
22	40	32	66
22	40	34	36
22	40	36	38
22	40	66	68
22	40	68	70
22	49	25	28
22	49	28	31
22	49	31	34
22	49	31	66
22	49	34	37
22	49	37	40
22	49	40	43
22	49	43	46
22	49	66	69
22	49	69	72
22	49	72	75
22	49	75	78
22	58	26	30
22	58	30	34
22	58	30	66
22	58	34	38
22	58	38	42
22	58	42	46
22	58	46	50
22	58	50	54
22	58	66	70
22	58	70	74
22	58	74	78
22	58	78	82
22	58	82	86
23	32	24	25
23	32	25	26
23	32	26	27
23	32	27	28
23	32	28	29
23	32	29	30
23	32	30	31
23	41	25	27
23	41	27	29
23	41	29	31
23	41	31	33
23	41	31	65
23	41	33	35
23	41	35	37
23	41	37	39
23	41	65	67
23	41	67	69
23	41	69	71
23	50	26	29
23	50	29	32
23	50	32	35
23	50	32	67
23	50	35	38
23	50	38	41
23	50	41	44
23	50	44	47
23	50	67	70
23	50	70	73
23	50	73	76
23	50	76	79
23	59	27	31
23	59	31	35
23	59	31	67
23	59	35	39
23	59	39	43
23	59	43	47
23	59	47	51
23	59	51	55
23	59	67	71
23	59	71	75
23	59	75	79
23	59	79	83
23	59	83	87
24	33	25	26
24	33	26	27
24	33	27	28
24	33	28	29
24	33	29	30
24	33	30	31
24	33	31	32
24	42	26	28
24	42	28	30
24	42	30	32
24	42	32	34
24	42	32	66
24	42	34	36
24	42	36	38
24	42	38	40
24	42	66	68
24	42	68	70
24	42	70	72
24	51	27	30
24	51	30	33
24	51	30	65
24	51	33	36
24	51	36	39
24	51	39	42
24	51	42	45
24	51	45	48
24	51	65	68
24	51	68	71
24	51	71	74
24	51	74	77
24	51	77	80
24	60	28	32
24	60	32	36
24	60	32	68
24	60	36	40
24	60	40	44
24	60	44	48
24	60	48	52
24	60	52	56
24	60	68	72
24	60	72	76
24	60	76	80
24	60	80	84
24	60	84	88
25	34	26	27
25	34	27	28
25	34	28	29
25	34	29	30
25	34	30	31
25	34	31	32
25	34	32	33
25	34	32	65
25	43	27	29
25	43	29	31
25	43	31	33
25	43	31	65
25	43	33	35
25	43	35	37
25	43	37	39
25	43	39	41
25	43	65	67
25	43	67	69
25	43	69	71
25	43	71	73
25	52	28	31
25	52	31	34
25	52	31	66
25	52	34	37
25	52	37	40
25	52	40	43
25	52	43	46
25	52	46	49
25	52	66	69
25	52	69	72
25	52	72	75
25	52	75	78
25	52	78	81
25	61	29	33
25	61	29	65
25	61	33	37
25	61	37	41
25	61	41	45
25	61	45	49
25	61	49	53
25	61	53	57
25	61	65	69
25	61	69	73
25	61	73	77
25	61	77	81
25	61	81	85
25	61	85	89
26	35	27	28
26	35	28	29
26	35	29	30
26	35	30	31
26	35	31	32
26	35	32	33
26	35	32	65
26	35	33	34
26	35	65	66
26	44	28	30
26	44	30	32
26	44	32	34
26	44	32	66
26	44	34	36
26	44	36	38
26	44	38	40
26	44	40	42
26	44	66	68
26	44	68	70
26	44	70	72
26	44	72	74
26	53	29	32
26	53	32	35
26	53	32	67
26	53	35	38
26	53	38	41
26	53	41	44
26	53	44	47
26	53	47	50
26	53	67	70
26	53	70	73
26	53	73	76
26	53	76	79
26	53	79	82
26	62	30	34
26	62	30	66
26	62	34	38
26	62	38	42
26	62	42	46
26	62	46	50
26	62	50	54
26	62	54	58
26	62	66	70
26	62	70	74
26	62	74	78
26	62	78	82
26	62	82	86
26	62	86	90
27	36	28	29
27	36	29	30
27	36	30	31
27	36	31	32
27	36	32	33
27	36	32	65
27	36	33	34
27	36	34	35
27	36	65	66
27	36	66	67
27	45	29	31
27	45	31	33
27	45	31	65
27	45	33	35
27	45	35	37
27	45	37	39
27	45	39	41
27	45	41	43
27	45	65	67
27	45	67	69
27	45	69	71
27	45	71	73
27	45	73	75
27	54	30	33
27	54	30	65
27	54	33	36
27	54	36	39
27	54	39	42
27	54	42	45
27	54	45	48
27	54	48	51
27	54	65	68
27	54	68	71
27	54	71	74
27	54	74	77
27	54	77	80
27	54	80	83
27	63	31	35
27	63	31	67
27	63	35	39
27	63	39	43
27	63	43	47
27	63	47	51
27	63	51	55
27	63	55	59
27	63	67	71
27	63	71	75
27	63	75	79
27	63	79	83
27	63	83	87
27	63	87	91
28	37	29	30
28	37	30	31
28	37	31	32
28	37	32	33
28	37	32	65
28	37	33	34
28	37	34	35
28	37	35	36
28	37	65	66
28	37	66	67
28	37	67	68
28	46	30	32
28	46	32	34
28	46	32	66
28	46	34	36
28	46	36	38
28	46	38	40
28	46	40	42
28	46	42	44
28	46	66	68
28	46	68	70
28	46	70	72
28	46	72	74
28	46	74	76
28	55	31	34
28	55	31	66
28	55	34	37
28	55	37	40
28	55	40	43
28	55	43	46
28	55	46	49
28	55	49	52
28	55	66	69
28	55	69	72
28	55	72	75
28	55	75	78
28	55	78	81
28	55	81	84
28	64	32	36
28	64	32	68
28	64	36	40
28	64	40	44
28	64	44	48
28	64	48	52
28	64	52	56
28	64	56	60
28	64	68	72
28	64	72	76
28	64	76	80
28	64	80	84
28	64	84	88
28	64	88	92
29	38	30	31
29	38	31	32
29	38	32	33
29	38	32	65
29	38	33	34
29	38	34	35
29	38	35	36
29	38	36	37
29	38	65	66
29	38	66	67
29	38	67	68
29	38	68	69
29	47	31	33
29	47	31	65
29	47	33	35
29	47	35	37
29	47	37	39
29	47	39	41
29	47	41	43
29	47	43	45
29	47	65	67
29	47	67	69
29	47	69	71
29	47	71	73
29	47	73	75
29	47	75	77
29	56	32	35
29	56	32	67
29	56	35	38
29	56	38	41
29	56	41	44
29	56	44	47
29	56	47	50
29	56	50	53
29	56	67	70
29	56	70	73
29	56	73	76
29	56	76	79
29	56	79	82
29	56	82	85
30	39	31	32
30	39	32	33
30	39	32	65
30	39	33	34
30	39	34	35
30	39	35	36
30	39	36	37
30	39	37	38
30	39	65	66
30	39	66	67
30	39	67	68
30	39	68	69
30	39	69	70
30	48	32	34
30	48	32	66
30	48	34	36
30	48	36	38
30	48	38	40
30	48	40	42
30	48	42	44
30	48	44	46
30	48	66	68
30	48	68	70
30	48	70	72
30	48	72	74
30	48	74	76
30	48	76	78
30	57	33	36
30	57	36	39
30	57	39	42
30	57	42	45
30	57	45	48
30	57	48	51
30	57	51	54
30	57	65	68
30	57	68	71
30	57	71	74
30	57	74	77
30	57	77	80
30	57	80	83
30	57	83	86
31	40	32	33
31	40	32	65
31	40	33	34
31	40	34	35
31	40	35	36
31	40	36	37
31	40	37	38
31	40	38	39
31	40	65	66
31	40	66	67
31	40	67	68
31	40	68	69
31	40	69	70
31	40	70	71
31	49	33	35
31	49	35	37
31	49	37	39
31	49	39	41
31	49	41	43
31	49	43	45
31	49	45	47
31	49	65	67
31	49	67	69
31	49	69	71
31	49	71	73
31	49	73	75
31	49	75	77
31	49	77	79
31	58	34	37
31	58	37	40
31	58	40	43
31	58	43	46
31	58	46	49
31	58	49	52
31	58	52	55
31	58	66	69
31	58	69	72
31	58	72	75
31	58	75	78
31	58	78	81
31	58	81	84
31	58	84	87
32	41	33	34
32	41	34	35
32	41	35	36
32	41	36	37
32	41	37	38
32	41	38	39
32	41	39	40
32	41	65	66
32	41	66	67
32	41	67	68
32	41	68	69
32	41	69	70
32	41	70	71
32	41	71	72
32	50	34	36
32	50	36	38
32	50	38	40
32	50	40	42
32	50	42	44
32	50	44	46
32	50	46	48
32	50	66	68
32	50	68	70
32	50	70	72
32	50	72	74
32	50	74	76
32	50	76	78
32	50	78	80
32	59	35	38
32	59	38	41
32	59	41	44
32	59	44	47
32	59	47	50
32	59	50	53
32	59	53	56
32	59	67	70
32	59	70	73
32	59	73	76
32	59	76	79
32	59	79	82
32	59	82	85
32	59	85	88
33	41	65	66
33	41	66	67
33	41	67	68
33	41	68	69
33	41	69	70
33	41	70	71
33	41	71	72
33	42	34	35
33	42	35	36
33	42	36	37
33	42	37	38
33	42	38	39
33	42	39	40
33	42	40	41
33	42	66	67
33	42	66	67
33	42	67	68
33	42	67	68
33	42	68	69
33	42	68	69
33	42	69	70
33	42	69	70
33	42	70	71
33	42	70	71
33	42	71	72
33	42	71	72
33	42	72	73
33	42	72	73
33	50	66	68
33	50	68	70
33	50	70	72
33	50	72	74
33	50	74	76
33	50	76	78
33	50	78	80
33	51	35	37
33	51	37	39
33	51	39	41
33	51	41	43
33	51	43	45
33	51	45	47
33	51	47	49
33	51	67	69
33	51	67	69
33	51	69	71
33	51	69	71
33	51	71	73
33	51	71	73
33	51	73	75
33	51	73	75
33	51	75	77
33	51	75	77
33	51	77	79
33	51	77	79
33	51	79	81
33	51	79	81
33	59	67	70
33	59	70	73
33	59	73	76
33	59	76	79
33	59	79	82
33	59	82	85
33	59	85	88
33	60	36	39
33	60	39	42
33	60	42	45
33	60	45	48
33	60	48	51
33	60	51	54
33	60	54	57
33	60	68	71
33	60	68	71
33	60	71	74
33	60	71	74
33	60	74	77
33	60	74	77
33	60	77	80
33	60	77	80
33	60	80	83
33	60	80	83
33	60	83	86
33	60	83	86
33	60	86	89
33	60	86	89
34	40	33	65
34	40	65	66
34	40	66	67
34	40	67	68
34	40	68	69
34	40	69	70
34	40	70	71
34	43	35	36
34	43	36	37
34	43	37	38
34	43	38	39
34	43	39	40
34	43	40	41
34	43	41	42
34	43	67	68
34	43	67	68
34	43	68	69
34	43	68	69
34	43	69	70
34	43	69	70
34	43	70	71
34	43	70	71
34	43	71	72
34	43	71	72
34	43	72	73
34	43	72	73
34	43	73	74
34	43	73	74
34	49	65	67
34	49	67	69
34	49	69	71
34	49	71	73
34	49	73	75
34	49	75	77
34	49	77	79
34	52	36	38
34	52	38	40
34	52	40	42
34	52	42	44
34	52	44	46
34	52	46	48
34	52	48	50
34	52	68	70
34	52	68	70
34	52	70	72
34	52	70	72
34	52	72	74
34	52	72	74
34	52	74	76
34	52	74	76
34	52	76	78
34	52	76	78
34	52	78	80
34	52	78	80
34	52	80	82
34	52	80	82
34	58	66	69
34	58	69	72
34	58	72	75
34	58	75	78
34	58	78	81
34	58	81	84
34	58	84	87
34	61	37	40
34	61	40	43
34	61	43	46
34	61	46	49
34	61	49	52
34	61	52	55
34	61	55	58
34	61	69	72
34	61	69	72
34	61	72	75
34	61	72	75
34	61	75	78
34	61	75	78
34	61	78	81
34	61	78	81
34	61	81	84
34	61	81	84
34	61	84	87
34	61	84	87
34	61	87	90
34	61	87	90
35	39	33	65
35	39	65	66
35	39	66	67
35	39	67	68
35	39	68	69
35	39	69	70
35	44	36	37
35	44	37	38
35	44	38	39
35	44	39	40
35	44	40	41
35	44	41	42
35	44	42	43
35	44	68	69
35	44	68	69
35	44	69	70
35	44	69	70
35	44	70	71
35	44	70	71
35	44	71	72
35	44	71	72
35	44	72	73
35	44	72	73
35	44	73	74
35	44	73	74
35	44	74	75
35	44	74	75
35	48	33	66
35	48	66	68
35	48	68	70
35	48	70	72
35	48	72	74
35	48	74	76
35	48	76	78
35	53	37	39
35	53	39	41
35	53	41	43
35	53	43	45
35	53	45	47
35	53	47	49
35	53	49	51
35	53	69	71
35	53	69	71
35	53	71	73
35	53	71	73
35	53	73	75
35	53	73	75
35	53	75	77
35	53	75	77
35	53	77	79
35	53	77	79
35	53	79	81
35	53	79	81
35	53	81	83
35	53	81	83
35	57	65	68
35	57	68	71
35	57	71	74
35	57	74	77
35	57	77	80
35	57	80	83
35	57	83	86
35	62	38	41
35	62	41	44
35	62	44	47
35	62	47	50
35	62	50	53
35	62	53	56
35	62	56	59
35	62	70	73
35	62	70	73
35	62	73	76
35	62	73	76
35	62	76	79
35	62	76	79
35	62	79	82
35	62	79	82
35	62	82	85
35	62	82	85
35	62	85	88
35	62	85	88
35	62	88	91
35	62	88	91
36	38	33	65
36	38	65	66
36	38	66	67
36	38	67	68
36	38	68	69
36	45	37	38
36	45	38	39
36	45	39	40
36	45	40	41
36	45	41	42
36	45	42	43
36	45	43	44
36	45	69	70
36	45	69	70
36	45	70	71
36	45	70	71
36	45	71	72
36	45	71	72
36	45	72	73
36	45	72	73
36	45	73	74
36	45	73	74
36	45	74	75
36	45	74	75
36	45	75	76
36	45	75	76
36	47	34	65
36	47	65	67
36	47	67	69
36	47	69	71
36	47	71	73
36	47	73	75
36	47	75	77
36	54	38	40
36	54	40	42
36	54	42	44
36	54	44	46
36	54	46	48
36	54	48	50
36	54	50	52
36	54	70	72
36	54	70	72
36	54	72	74
36	54	72	74
36	54	74	76
36	54	74	76
36	54	76	78
36	54	76	78
36	54	78	80
36	54	78	80
36	54	80	82
36	54	80	82
36	54	82	84
36	54	82	84
36	56	33	67
36	56	67	70
36	56	70	73
36	56	73	76
36	56	76	79
36	56	79	82
36	56	82	85
36	63	39	42
36	63	42	45
36	63	45	48
36	63	48	51
36	63	51	54
36	63	54	57
36	63	57	60
36	63	71	74
36	63	71	74
36	63	74	77
36	63	74	77
36	63	77	80
36	63	77	80
36	63	80	83
36	63	80	83
36	63	83	86
36	63	83	86
36	63	86	89
36	63	86	89
36	63	89	92
36	63	89	92
37	46	33	66
37	46	38	39
37	46	39	40
37	46	40	41
37	46	41	42
37	46	42	43
37	46	43	44
37	46	44	45
37	46	66	68
37	46	68	70
37	46	70	71
37	46	70	71
37	46	70	72
37	46	71	72
37	46	71	72
37	46	72	73
37	46	72	73
37	46	72	74
37	46	73	74
37	46	73	74
37	46	74	75
37	46	74	75
37	46	74	76
37	46	75	76
37	46	75	76
37	46	76	77
37	46	76	77
37	55	34	66
37	55	39	41
37	55	41	43
37	55	43	45
37	55	45	47
37	55	47	49
37	55	49	51
37	55	51	53
37	55	66	69
37	55	69	72
37	55	71	73
37	55	71	73
37	55	72	75
37	55	73	75
37	55	73	75
37	55	75	77
37	55	75	77
37	55	75	78
37	55	77	79
37	55	77	79
37	55	78	81
37	55	79	81
37	55	79	81
37	55	81	83
37	55	81	83
37	55	81	84
37	55	83	85
37	55	83	85
37	64	33	68
37	64	40	43
37	64	43	46
37	64	46	49
37	64	49	52
37	64	52	55
37	64	55	58
37	64	58	61
37	64	68	72
37	64	72	75
37	64	72	75
37	64	72	76
37	64	75	78
37	64	75	78
37	64	76	80
37	64	78	81
37	64	78	81
37	64	80	84
37	64	81	84
37	64	81	84
37	64	84	87
37	64	84	87
37	64	84	88
37	64	87	90
37	64	87	90
37	64	88	92
37	64	90	93
37	64	90	93
38	36	33	65
38	36	65	66
38	36	66	67
38	45	34	65
38	45	65	67
38	45	67	69
38	45	69	71
38	45	71	73
38	45	73	75
38	47	39	40
38	47	40	41
38	47	41	42
38	47	42	43
38	47	43	44
38	47	44	45
38	47	45	46
38	47	71	72
38	47	71	72
38	47	72	73
38	47	72	73
38	47	73	74
38	47	73	74
38	47	74	75
38	47	74	75
38	47	75	76
38	47	75	76
38	47	76	77
38	47	76	77
38	47	77	78
38	47	77	78
38	54	35	65
38	54	65	68
38	54	68	71
38	54	71	74
38	54	74	77
38	54	77	80
38	54	80	83
38	56	40	42
38	56	42	44
38	56	44	46
38	56	46	48
38	56	48	50
38	56	50	52
38	56	52	54
38	56	72	74
38	56	72	74
38	56	74	76
38	56	74	76
38	56	76	78
38	56	76	78
38	56	78	80
38	56	78	80
38	56	80	82
38	56	80	82
38	56	82	84
38	56	82	84
38	56	84	86
38	56	84	86
38	63	34	67
38	63	67	71
38	63	71	75
38	63	75	79
38	63	79	83
38	63	83	87
38	63	87	91
39	35	33	65
39	35	65	66
39	44	33	66
39	44	66	68
39	44	68	70
39	44	70	72
39	44	72	74
39	48	40	41
39	48	41	42
39	48	42	43
39	48	43	44
39	48	44	45
39	48	45	46
39	48	46	47
39	48	72	73
39	48	72	73
39	48	73	74
39	48	73	74
39	48	74	75
39	48	74	75
39	48	75	76
39	48	75	76
39	48	76	77
39	48	76	77
39	48	77	78
39	48	77	78
39	48	78	79
39	48	78	79
39	53	33	67
39	53	67	70
39	53	70	73
39	53	73	76
39	53	76	79
39	53	79	82
39	57	41	43
39	57	43	45
39	57	45	47
39	57	47	49
39	57	49	51
39	57	51	53
39	57	53	55
39	57	73	75
39	57	73	75
39	57	75	77
39	57	75	77
39	57	77	79
39	57	77	79
39	57	79	81
39	57	79	81
39	57	81	83
39	57	81	83
39	57	83	85
39	57	83	85
39	57	85	87
39	57	85	87
39	62	35	66
39	62	66	70
39	62	70	74
39	62	74	78
39	62	78	82
39	62	82	86
39	62	86	90
40	34	33	65
40	43	34	65
40	43	65	67
40	43	67	69
40	43	69	71
40	43	71	73
40	49	41	42
40	49	42	43
40	49	43	44
40	49	44	45
40	49	45	46
40	49	46	47
40	49	47	48
40	49	73	74
40	49	73	74
40	49	74	75
40	49	74	75
40	49	75	76
40	49	75	76
40	49	76	77
40	49	76	77
40	49	77	78
40	49	77	78
40	49	78	79
40	49	78	79
40	49	79	80
40	49	79	80
40	52	34	66
40	52	66	69
40	52	69	72
40	52	72	75
40	52	75	78
40	52	78	81
40	58	42	44
40	58	44	46
40	58	46	48
40	58	48	50
40	58	50	52
40	58	52	54
40	58	54	56
40	58	74	76
40	58	74	76
40	58	76	78
40	58	76	78
40	58	78	80
40	58	78	80
40	58	80	82
40	58	80	82
40	58	82	84
40	58	82	84
40	58	84	86
40	58	84	86
40	58	86	88
40	58	86	88
40	61	36	65
40	61	65	69
40	61	69	73
40	61	73	77
40	61	77	81
40	61	81	85
40	61	85	89
41	42	33	66
41	42	66	68
41	42	68	70
41	42	70	72
41	50	42	43
41	50	43	44
41	50	44	45
41	50	45	46
41	50	46	47
41	50	47	48
41	50	48	49
41	50	74	75
41	50	74	75
41	50	75	76
41	50	75	76
41	50	76	77
41	50	76	77
41	50	77	78
41	50	77	78
41	50	78	79
41	50	78	79
41	50	79	80
41	50	79	80
41	50	80	81
41	50	80	81
41	51	35	65
41	51	65	68
41	51	68	71
41	51	71	74
41	51	74	77
41	51	77	80
41	59	43	45
41	59	45	47
41	59	47	49
41	59	49	51
41	59	51	53
41	59	53	55
41	59	55	57
41	59	75	77
41	59	75	77
41	59	77	79
41	59	77	79
41	59	79	81
41	59	79	81
41	59	81	83
41	59	81	83
41	59	83	85
41	59	83	85
41	59	85	87
41	59	85	87
41	59	87	89
41	59	87	89
41	60	33	68
41	60	68	72
41	60	72	76
41	60	76	80
41	60	80	84
41	60	84	88
42	41	34	65
42	41	65	67
42	41	67	69
42	41	69	71
42	50	33	67
42	50	67	70
42	50	70	73
42	50	73	76
42	50	76	79
42	51	43	44
42	51	44	45
42	51	45	46
42	51	46	47
42	51	47	48
42	51	48	49
42	51	49	50
42	51	75	76
42	51	75	76
42	51	76	77
42	51	76	77
42	51	77	78
42	51	77	78
42	51	78	79
42	51	78	79
42	51	79	80
42	51	79	80
42	51	80	81
42	51	80	81
42	51	81	82
42	51	81	82
42	59	34	67
42	59	67	71
42	59	71	75
42	59	75	79
42	59	79	83
42	59	83	87
42	60	44	46
42	60	46	48
42	60	48	50
42	60	50	52
42	60	52	54
42	60	54	56
42	60	56	58
42	60	76	78
42	60	76	78
42	60	78	80
42	60	78	80
42	60	80	82
42	60	80	82
42	60	82	84
42	60	82	84
42	60	84	86
42	60	84	86
42	60	86	88
42	60	86	88
42	60	88	90
42	60	88	90
43	40	33	66
43	40	66	68
43	40	68	70
43	49	34	66
43	49	66	69
43	49	69	72
43	49	72	75
43	49	75	78
43	52	44	45
43	52	45	46
43	52	46	47
43	52	47	48
43	52	48	49
43	52	49	50
43	52	50	51
43	52	76	77
43	52	76	77
43	52	77	78
43	52	77	78
43	52	78	79
43	52	78	79
43	52	79	80
43	52	79	80
43	52	80	81
43	52	80	81
43	52	81	82
43	52	81	82
43	52	82	83
43	52	82	83
43	58	35	66
43	58	66	70
43	58	70	74
43	58	74	78
43	58	78	82
43	58	82	86
43	61	45	47
43	61	47	49
43	61	49	51
43	61	51	53
43	61	53	55
43	61	55	57
43	61	57	59
43	61	77	79
43	61	77	79
43	61	79	81
43	61	79	81
43	61	81	83
43	61	81	83
43	61	83	85
43	61	83	85
43	61	85	87
43	61	85	87
43	61	87	89
43	61	87	89
43	61	89	91
43	61	89	91
44	39	34	65
44	39	65	67
44	39	67	69
44	48	35	65
44	48	65	68
44	48	68	71
44	48	71	74
44	48	74	77
44	53	45	46
44	53	46	47
44	53	47	48
44	53	48	49
44	53	49	50
44	53	50	51
44	53	51	52
44	53	77	78
44	53	77	78
44	53	78	79
44	53	78	79
44	53	79	80
44	53	79	80
44	53	80	81
44	53	80	81
44	53	81	82
44	53	81	82
44	53	82	83
44	53	82	83
44	53	83	84
44	53	83	84
44	57	36	65
44	57	65	69
44	57	69	73
44	57	73	77
44	57	77	81
44	57	81	85
44	62	46	48
44	62	48	50
44	62	50	52
44	62	52	54
44	62	54	56
44	62	56	58
44	62	58	60
44	62	78	80
44	62	78	80
44	62	80	82
44	62	80	82
44	62	82	84
44	62	82	84
44	62	84	86
44	62	84	86
44	62	86	88
44	62	86	88
44	62	88	90
44	62	88	90
44	62	90	92
44	62	90	92
45	38	33	66
45	38	66	68
45	47	33	67
45	47	67	70
45	47	70	73
45	47	73	76
45	54	46	47
45	54	47	48
45	54	48	49
45	54	49	50
45	54	50	51
45	54	51	52
45	54	52	53
45	54	78	79
45	54	78	79
45	54	79	80
45	54	79	80
45	54	80	81
45	54	80	81
45	54	81	82
45	54	81	82
45	54	82	83
45	54	82	83
45	54	83	84
45	54	83	84
45	54	84	85
45	54	84	85
45	56	33	68
45	56	68	72
45	56	72	76
45	56	76	80
45	56	80	84
45	63	47	49
45	63	49	51
45	63	51	53
45	63	53	55
45	63	55	57
45	63	57	59
45	63	59	61
45	63	79	81
45	63	79	81
45	63	81	83
45	63	81	83
45	63	83	85
45	63	83	85
45	63	85	87
45	63	85	87
45	63	87	89
45	63	87	89
45	63	89	91
45	63	89	91
45	63	91	93
45	63	91	93
46	37	34	65
46	37	65	67
46	55	34	67
46	55	47	48
46	55	48	49
46	55	49	50
46	55	50	51
46	55	51	52
46	55	52	53
46	55	53	54
46	55	67	71
46	55	71	75
46	55	75	79
46	55	79	80
46	55	79	80
46	55	79	83
46	55	80	81
46	55	80	81
46	55	81	82
46	55	81	82
46	55	82	83
46	55	82	83
46	55	83	84
46	55	83	84
46	55	84	85
46	55	84	85
46	55	85	86
46	55	85	86
46	64	36	66
46	64	48	50
46	64	50	52
46	64	52	54
46	64	54	56
46	64	56	58
46	64	58	60
46	64	60	62
46	64	66	71
46	64	71	76
46	64	76	81
46	64	80	82
46	64	80	82
46	64	81	86
46	64	82	84
46	64	82	84
46	64	84	86
46	64	84	86
46	64	86	88
46	64	86	88
46	64	86	91
46	64	88	90
46	64	88	90
46	64	90	92
46	64	90	92
46	64	92	94
46	64	92	94
47	36	33	66
47	45	35	65
47	45	65	68
47	45	68	71
47	45	71	74
47	54	35	66
47	54	66	70
47	54	70	74
47	54	74	78
47	54	78	82
47	56	48	49
47	56	49	50
47	56	50	51
47	56	51	52
47	56	52	53
47	56	53	54
47	56	54	55
47	56	80	81
47	56	80	81
47	56	81	82
47	56	81	82
47	56	82	83
47	56	82	83
47	56	83	84
47	56	83	84
47	56	84	85
47	56	84	85
47	56	85	86
47	56	85	86
47	56	86	87
47	56	86	87
47	63	37	65
47	63	65	70
47	63	70	75
47	63	75	80
47	63	80	85
47	63	85	90
48	35	34	65
48	44	33	67
48	44	67	70
48	44	70	73
48	53	36	65
48	53	65	69
48	53	69	73
48	53	73	77
48	53	77	81
48	57	49	50
48	57	50	51
48	57	51	52
48	57	52	53
48	57	53	54
48	57	54	55
48	57	55	56
48	57	81	82
48	57	81	82
48	57	82	83
48	57	82	83
48	57	83	84
48	57	83	84
48	57	84	85
48	57	84	85
48	57	85	86
48	57	85	86
48	57	86	87
48	57	86	87
48	57	87	88
48	57	87	88
48	62	33	69
48	62	69	74
48	62	74	79
48	62	79	84
48	62	84	89
49	43	34	66
49	43	66	69
49	43	69	72
49	52	33	68
49	52	68	72
49	52	72	76
49	52	76	80
49	58	50	51
49	58	51	52
49	58	52	53
49	58	53	54
49	58	54	55
49	58	55	56
49	58	56	57
49	58	82	83
49	58	82	83
49	58	83	84
49	58	83	84
49	58	84	85
49	58	84	85
49	58	85	86
49	58	85	86
49	58	86	87
49	58	86	87
49	58	87	88
49	58	87	88
49	58	88	89
49	58	88	89
49	61	34	68
49	61	68	73
49	61	73	78
49	61	78	83
49	61	83	88
50	42	35	65
50	42	65	68
50	42	68	71
50	51	34	67
50	51	67	71
50	51	71	75
50	51	75	79
50	59	51	52
50	59	52	53
50	59	53	54
50	59	54	55
50	59	55	56
50	59	56	57
50	59	57	58
50	59	83	84
50	59	83	84
50	59	84	85
50	59	84	85
50	59	85	86
50	59	85	86
50	59	86	87
50	59	86	87
50	59	87	88
50	59	87	88
50	59	88	89
50	59	88	89
50	59	89	90
50	59	89	90
50	60	35	67
50	60	67	72
50	60	72	77
50	60	77	82
50	60	82	87
51	41	33	67
51	41	67	70
51	50	35	66
51	50	66	70
51	50	70	74
51	50	74	78
51	59	36	66
51	59	66	71
51	59	71	76
51	59	76	81
51	59	81	86
51	60	52	53
51	60	53	54
51	60	54	55
51	60	55	56
51	60	56	57
51	60	57	58
51	60	58	59
51	60	84	85
51	60	84	85
51	60	85	86
51	60	85	86
51	60	86	87
51	60	86	87
51	60	87	88
51	60	87	88
51	60	88	89
51	60	88	89
51	60	89	90
51	60	89	90
51	60	90	91
51	60	90	91
52	40	34	66
52	40	66	69
52	49	36	65
52	49	65	69
52	49	69	73
52	49	73	77
52	58	37	65
52	58	65	70
52	58	70	75
52	58	75	80
52	58	80	85
52	61	53	54
52	61	54	55
52	61	55	56
52	61	56	57
52	61	57	58
52	61	58	59
52	61	59	60
52	61	85	86
52	61	85	86
52	61	86	87
52	61	86	87
52	61	87	88
52	61	87	88
52	61	88	89
52	61	88	89
52	61	89	90
52	61	89	90
52	61	90	91
52	61	90	91
52	61	91	92
52	61	91	92
53	39	35	65
53	39	65	68
53	48	33	68
53	48	68	72
53	48	72	76
53	57	33	69
53	57	69	74
53	57	74	79
53	57	79	84
53	62	54	55
53	62	55	56
53	62	56	57
53	62	57	58
53	62	58	59
53	62	59	60
53	62	60	61
53	62	86	87
53	62	86	87
53	62	87	88
53	62	87	88
53	62	88	89
53	62	88	89
53	62	89	90
53	62	89	90
53	62	90	91
53	62	90	91
53	62	91	92
53	62	91	92
53	62	92	93
53	62	92	93
54	38	33	67
54	47	34	67
54	47	67	71
54	47	71	75
54	56	34	68
54	56	68	73
54	56	73	78
54	56	78	83
54	63	55	56
54	63	56	57
54	63	57	58
54	63	58	59
54	63	59	60
54	63	60	61
54	63	61	62
54	63	87	88
54	63	87	88
54	63	88	89
54	63	88	89
54	63	89	90
54	63	89	90
54	63	90	91
54	63	90	91
54	63	91	92
54	63	91	92
54	63	92	93
54	63	92	93
54	63	93	94
54	63	93	94
55	37	34	66
55	46	35	66
55	46	66	70
55	46	70	74
55	64	37	66
55	64	56	57
55	64	57	58
55	64	58	59
55	64	59	60
55	64	60	61
55	64	61	62
55	64	62	63
55	64	66	72
55	64	72	78
55	64	78	84
55	64	84	90
55	64	88	89
55	64	88	89
55	64	89	90
55	64	89	90
55	64	90	91
55	64	90	91
55	64	91	92
55	64	91	92
55	64	92	93
55	64	92	93
55	64	93	94
55	64	93	94
55	64	94	95
55	64	94	95
56	36	35	65
56	45	36	65
56	45	65	69
56	45	69	73
56	54	36	66
56	54	66	71
56	54	71	76
56	54	76	81
56	63	38	65
56	63	65	71
56	63	71	77
56	63	77	83
56	63	83	89
57	44	33	68
57	44	68	72
57	53	37	65
57	53	65	70
57	53	70	75
57	53	75	80
57	62	33	70
57	62	70	76
57	62	76	82
57	62	82	88
58	43	34	67
58	43	67	71
58	52	33	69
58	52	69	74
58	52	74	79
58	61	34	69
58	61	69	75
58	61	75	81
58	61	81	87
59	42	35	66
59	42	66	70
59	51	34	68
59	51	68	73
59	51	73	78
59	60	35	68
59	60	68	74
59	60	74	80
59	60	80	86
60	41	36	65
60	41	65	69
60	50	35	67
60	50	67	72
60	50	72	77
60	59	36	67
60	59	67	73
60	59	73	79
60	59	79	85
61	40	33	68
61	49	36	66
61	49	66	71
61	49	71	76
61	58	37	66
61	58	66	72
61	58	72	78
61	58	78	84
62	39	34	67
62	48	37	65
62	48	65	70
62	48	70	75
62	57	38	65
62	57	65	71
62	57	71	77
62	57	77	83
63	38	35	66
63	47	33	69
63	47	69	74
63	56	33	70
63	56	70	76
63	56	76	82
64	37	36	65
64	46	34	68
64	46	68	73
64	55	34	69
64	55	69	75
64	55	75	81
