63# Number of electrodes
# x z
0.0	142.095
4.0	142.213
6.0	142.427
8.0	142.645
10.0	142.69
12.0	142.73
14.0	142.835
16.0	142.88
18.0	142.86
20.0	142.785
22.0	142.73
24.0	142.733
26.0	142.775
28.0	142.86
30.0	142.9
32.0	142.9
34.0	142.955
36.0	142.96
38.0	142.955
40.0	142.9
42.0	142.955
44.0	142.843
46.0	142.845
48.0	142.88
50.0	142.93
52.0	142.91
54.0	142.9
56.0	142.895
58.0	142.885
60.0	142.95
62.0	142.938
64.0	142.937
66.0	142.91
68.0	142.847
70.0	142.855
72.0	142.857
74.0	142.88
76.0	142.91
78.0	142.903
80.0	142.98
82.0	142.965
84.0	142.96
86.0	143.017
88.0	143.04
90.0	143.06
92.0	143.0
94.0	142.99
96.0	142.98
98.0	142.92
100.0	142.88
102.0	142.893
104.0	142.91
106.0	142.92
108.0	142.95
110.0	142.965
112.0	143.03
114.0	143.095
116.0	143.155
118.0	143.17
120.0	143.255
122.0	143.28
124.0	143.37
126.0	143.264
1283# Number of data
# a b m n rho err
56.0	55.0	61.0	62.0	0.157404	0.005919751611280841
56.0	55.0	60.0	61.0	0.274083	0.003496430347707072
56.0	55.0	59.0	60.0	0.57341	0.0017898973520137618
56.0	55.0	58.0	59.0	1.42671	0.0008553163761599816
56.0	55.0	62.0	63.0	0.0765772	0.011928116457330827
56.0	55.0	57.0	58.0	4.39882	0.0004309810961874017
55.0	54.0	60.0	61.0	0.144886	0.006411574706423613
55.0	54.0	58.0	59.0	0.587266	0.0017530289840954419
55.0	54.0	57.0	58.0	1.1929	0.0009784111165173923
54.0	53.0	57.0	58.0	0.513387	0.0019725911173720393
54.0	53.0	56.0	57.0	1.35946	0.0008863838762526822
53.0	52.0	59.0	60.0	0.0920541	0.009960875687993864
53.0	52.0	58.0	59.0	0.169793	0.00550439907651393
53.0	52.0	56.0	57.0	0.611304	0.0016930329706273065
52.0	51.0	58.0	59.0	0.0972341	0.009442333395618927
51.0	50.0	57.0	58.0	0.100209	0.00916876671347068
50.0	49.0	56.0	57.0	0.096616	0.009501286577488307
50.0	49.0	55.0	56.0	0.17358	0.00538926815046239
50.0	49.0	54.0	55.0	0.304369	0.0031711367169376978
50.0	49.0	52.0	53.0	1.94703	0.0006874830005137365
50.0	49.0	51.0	52.0	7.66813	0.0003441357394477902
54.0	53.0	60.0	61.0	0.083899	0.010906994175054195
54.0	53.0	55.0	56.0	5.12916	0.0004019770353086432
49.0	48.0	55.0	56.0	0.0998581	0.009200186953617327
49.0	48.0	54.0	55.0	0.16347	0.005708517166591754
49.0	48.0	53.0	54.0	0.307415	0.003141967781076586
49.0	48.0	52.0	53.0	0.749342	0.0014230244283541594
49.0	47.0	61.0	63.0	0.0227754	0.03956871661373296
53.0	52.0	54.0	55.0	5.31454	0.0003958835311826643
48.0	47.0	54.0	55.0	0.0902197	0.010158784752223668
48.0	47.0	49.0	50.0	8.30325	0.000335197862599722
48.0	46.0	60.0	62.0	0.0231679	0.03890221203609349
52.0	51.0	56.0	57.0	0.302931	0.00318511104416766
48.0	46.0	56.0	58.0	0.0938591	0.009773689481503225
47.0	46.0	52.0	53.0	0.180767	0.005184036201755257
47.0	46.0	51.0	52.0	0.355028	0.0027510782453078063
47.0	46.0	50.0	51.0	0.887113	0.0012373231255423554
47.0	46.0	49.0	50.0	2.21275	0.0006322198793178732
52.0	51.0	53.0	54.0	5.50627	0.00039001292364973137
47.0	46.0	53.0	54.0	0.0906621	0.01011032244082564
47.0	46.0	48.0	49.0	9.50914	0.0003215131873159569
47.0	45.0	59.0	61.0	0.022797	0.039531440880298065
47.0	45.0	55.0	57.0	0.100587	0.009135165158575737
47.0	45.0	53.0	55.0	0.233223	0.004069175001664291
47.0	45.0	51.0	53.0	0.81334	0.001328937269550101
47.0	45.0	49.0	51.0	4.29049	0.00043612415886072056
46.0	45.0	49.0	50.0	0.803732	0.0013421066626638006
51.0	50.0	52.0	53.0	8.20447	0.0003364970940798972
46.0	45.0	52.0	53.0	0.0991272	0.00926634733239517
46.0	45.0	47.0	48.0	9.48112	0.00032179166051552155
46.0	44.0	58.0	60.0	0.0245168	0.036774340236080325
46.0	44.0	56.0	58.0	0.0446881	0.020277742945591842
46.0	44.0	54.0	56.0	0.0978197	0.009387167293204232
46.0	44.0	48.0	50.0	4.37668	0.00043201151265254714
45.0	44.0	49.0	50.0	0.354568	0.002754352495386925
45.0	44.0	48.0	49.0	0.85728	0.0012724720023201768
46.0	44.0	52.0	54.0	0.245268	0.0038805015929832837
45.0	44.0	47.0	48.0	2.37223	0.0006049970511225681
45.0	43.0	55.0	57.0	0.0486549	0.01864304322400326
45.0	43.0	53.0	55.0	0.0941487	0.009744324887346287
45.0	43.0	51.0	53.0	0.24948	0.003818823931927984
45.0	43.0	49.0	51.0	0.83182	0.001304462611322368
45.0	43.0	47.0	49.0	4.42419	0.0004298130321175957
44.0	43.0	49.0	50.0	0.171723	0.0054450894459523395
44.0	43.0	48.0	49.0	0.366513	0.0026719930541361206
44.0	43.0	46.0	47.0	2.31557	0.0006142393076930244
44.0	42.0	54.0	56.0	0.0478684	0.018945622646608953
44.0	42.0	48.0	50.0	0.815583	0.0013259075311177603
43.0	42.0	49.0	50.0	0.0941144	0.009747793372764924
43.0	42.0	48.0	49.0	0.183066	0.005121787788285928
43.0	42.0	47.0	48.0	0.370164	0.002647880432658648
43.0	41.0	55.0	57.0	0.0283906	0.03178762006819671
42.0	41.0	48.0	49.0	0.1002	0.009169569840455334
42.0	41.0	45.0	46.0	0.880339	0.0012450951196973552
42.0	40.0	48.0	50.0	0.243921	0.003900675669921166
42.0	40.0	46.0	48.0	0.853448	0.0012771649088257452
41.0	40.0	47.0	48.0	0.0957721	0.009583004832046804
41.0	40.0	46.0	47.0	0.184828	0.005075127587180131
41.0	40.0	45.0	46.0	0.382348	0.0025707451551017658
42.0	39.0	60.0	63.0	0.0135698	0.06625750134456276
42.0	39.0	54.0	57.0	0.0507706	0.017875626314270438
42.0	39.0	51.0	54.0	0.116421	0.007923636704989918
42.0	39.0	48.0	51.0	0.386061	0.002548206585323413
41.0	39.0	49.0	51.0	0.0987597	0.009299983065747605
41.0	39.0	47.0	49.0	0.246217	0.0038664209189115573
42.0	39.0	45.0	48.0	2.48695	0.0005875737096129993
41.0	39.0	45.0	47.0	0.879415	0.001246164529889228
41.0	39.0	51.0	53.0	0.048899	0.018551113199483823
40.0	39.0	46.0	47.0	0.106619	0.008631199398537738
40.0	39.0	45.0	46.0	0.205647	0.0045843486889507465
40.0	39.0	41.0	42.0	9.15671	0.0003251398597148571
41.0	38.0	53.0	56.0	0.0494698	0.018339686421870536
41.0	38.0	50.0	53.0	0.12005	0.007690983179987007
41.0	38.0	47.0	50.0	0.373105	0.0026288001003386455
41.0	38.0	44.0	47.0	2.52575	0.0005820390557077262
40.0	38.0	50.0	52.0	0.051361	0.01767275682275585
40.0	38.0	48.0	50.0	0.0961177	0.009549365488511813
40.0	38.0	46.0	48.0	0.257802	0.003702886986895103
44.0	43.0	50.0	51.0	0.106187	0.008665388992982827
44.0	43.0	45.0	46.0	8.7977	0.00032913299565963297
39.0	38.0	45.0	46.0	0.105644	0.008708760029395706
39.0	38.0	43.0	44.0	0.410247	0.002411377361953124
40.0	37.0	52.0	55.0	0.0501542	0.01809252613112445
40.0	37.0	49.0	52.0	0.114441	0.008056795047130586
44.0	42.0	52.0	54.0	0.0979835	0.009371854628222324
39.0	37.0	47.0	49.0	0.0921953	0.009945968389858296
39.0	36.0	57.0	60.0	0.0147686	0.06089768241695858
39.0	36.0	54.0	57.0	0.0271193	0.0332671070881212
39.0	36.0	51.0	54.0	0.0486341	0.018650919338588402
39.0	36.0	42.0	45.0	2.62475	0.0005686585339943945
39.0	36.0	48.0	51.0	0.108184	0.008509627594724367
38.0	36.0	48.0	50.0	0.0426151	0.021253091980530395
43.0	41.0	51.0	53.0	0.101085	0.009091280074939413
42.0	41.0	46.0	47.0	0.386819	0.002543658572976144
38.0	36.0	46.0	48.0	0.0902926	0.010150766307319987
42.0	41.0	44.0	45.0	2.28015	0.0006202502613968417
38.0	36.0	44.0	46.0	0.256859	0.0037156468725231136
38.0	36.0	42.0	44.0	0.921091	0.0012000640145631535
37.0	36.0	42.0	43.0	0.20278	0.0046459509076807355
37.0	36.0	40.0	41.0	0.877877	0.001247949557565862
47.0	45.0	57.0	59.0	0.0434457	0.020851118155473608
37.0	36.0	39.0	40.0	2.23041	0.0006290136852604552
38.0	35.0	53.0	56.0	0.0261971	0.03443018707580161
38.0	35.0	50.0	53.0	0.0494163	0.01835929560765253
38.0	35.0	47.0	50.0	0.0998186	0.009203737690418256
38.0	35.0	44.0	47.0	0.37906	0.0025910725248245534
37.0	35.0	49.0	51.0	0.0252608	0.03569792903215537
42.0	40.0	50.0	52.0	0.104534	0.008798821022536986
37.0	35.0	45.0	47.0	0.0894537	0.010243829058120593
38.0	35.0	41.0	44.0	2.66841	0.000563073068334828
37.0	35.0	41.0	43.0	0.934562	0.0011860421638950733
36.0	35.0	41.0	42.0	0.199579	0.004716820816134868
37.0	35.0	39.0	41.0	4.29672	0.00043582135580202253
36.0	35.0	39.0	40.0	0.824511	0.0013140114005732535
41.0	40.0	42.0	43.0	7.92514	0.00034034634538515304
36.0	35.0	42.0	43.0	0.100935	0.009104452899713698
36.0	35.0	37.0	38.0	6.2592	0.00037043825459488137
37.0	34.0	52.0	55.0	0.0260973	0.03456098411223792
37.0	34.0	49.0	52.0	0.0460372	0.019690173087266023
37.0	34.0	43.0	46.0	0.375324	0.00261460180990761
37.0	34.0	40.0	43.0	2.53666	0.0005805132884642622
36.0	34.0	48.0	50.0	0.0226644	0.03976139317991448
37.0	34.0	46.0	49.0	0.0975359	0.009413819779420286
36.0	34.0	46.0	48.0	0.0392732	0.023042254566114324
36.0	34.0	44.0	46.0	0.0884825	0.010353772451920632
36.0	34.0	38.0	40.0	3.91811	0.00045597226106312876
36.0	34.0	40.0	42.0	0.866453	0.0012614067874831502
35.0	34.0	40.0	41.0	0.187124	0.005015644871807653
35.0	34.0	38.0	39.0	0.776152	0.001381720998560163
36.0	34.0	42.0	44.0	0.247776	0.0038435235806087223
35.0	34.0	37.0	38.0	1.78725	0.0007286245483178614
35.0	34.0	41.0	42.0	0.107316	0.008576617347020653
35.0	34.0	36.0	37.0	5.45221	0.00039162639820811986
36.0	33.0	51.0	54.0	0.025798	0.034959312500481
36.0	33.0	48.0	51.0	0.0440165	0.02058367110193567
36.0	33.0	45.0	48.0	0.0967359	0.009489791851795461
35.0	33.0	47.0	49.0	0.0225974	0.03987860954825795
36.0	33.0	42.0	45.0	0.379199	0.0025902060502625696
35.0	33.0	37.0	39.0	3.80378	0.000462845862512391
35.0	33.0	43.0	45.0	0.0934611	0.009814342421308958
34.0	33.0	38.0	39.0	0.408906	0.00241854005004061
35.0	32.0	50.0	53.0	0.0267646	0.033704969953215654
35.0	32.0	47.0	50.0	0.0415511	0.02179150028405941
35.0	32.0	44.0	47.0	0.101368	0.009066533505580794
34.0	32.0	38.0	40.0	0.962925	0.0011578019655283296
33.0	32.0	39.0	40.0	0.121023	0.0076309765938052
33.0	32.0	37.0	38.0	0.412303	0.0024004861211530154
35.0	31.0	59.0	63.0	0.0108447	0.08284984037290462
35.0	31.0	43.0	47.0	0.205784	0.004581447989433612
34.0	31.0	49.0	52.0	0.0259396	0.034769716095285556
33.0	31.0	37.0	39.0	0.999249	0.00112397651100789
32.0	31.0	38.0	39.0	0.13207	0.007011694645983231
32.0	31.0	35.0	36.0	0.799691	0.0013477400750054104
34.0	30.0	58.0	62.0	0.011792	0.07621242979894657
34.0	30.0	42.0	46.0	0.223958	0.004228111494069855
33.0	30.0	48.0	51.0	0.025226	0.035746861814507896
33.0	30.0	42.0	45.0	0.118143	0.007811458112738257
33.0	30.0	39.0	42.0	0.47404	0.0021174576038836676
31.0	30.0	37.0	38.0	0.132346	0.00699754615106976
31.0	30.0	36.0	37.0	0.229159	0.004137308637032198
33.0	29.0	57.0	61.0	0.0114177	0.07870340777327797
33.0	29.0	53.0	57.0	0.0204018	0.044145803882007666
33.0	29.0	49.0	53.0	0.0343621	0.02630301542557007
33.0	29.0	45.0	49.0	0.0633402	0.014373386428061923
33.0	29.0	41.0	45.0	0.240749	0.0039490745880106145
33.0	29.0	37.0	41.0	1.75528	0.0007377557321175452
32.0	29.0	50.0	53.0	0.0173308	0.05192812019415073
32.0	29.0	47.0	50.0	0.0234799	0.038388301123587376
32.0	29.0	44.0	47.0	0.0450058	0.02013620496423644
41.0	38.0	56.0	59.0	0.0254998	0.035365476086770244
32.0	29.0	38.0	41.0	0.495679	0.002034941666787344
31.0	29.0	43.0	45.0	0.0257939	0.03496483323629398
31.0	29.0	39.0	41.0	0.120731	0.007648883159396214
31.0	29.0	37.0	39.0	0.326913	0.0029681280750272782
32.0	29.0	35.0	38.0	2.61768	0.0005695805343172664
31.0	29.0	35.0	37.0	0.94473	0.0011757232052682842
31.0	29.0	33.0	35.0	4.02805	0.00044973059666403076
31.0	29.0	41.0	43.0	0.0533066	0.01703602689663836
30.0	29.0	36.0	37.0	0.12124	0.007617725185052663
30.0	29.0	35.0	36.0	0.198517	0.004740838334396699
30.0	29.0	33.0	34.0	0.813946	0.0013281170671078661
30.0	29.0	31.0	32.0	7.65031	0.00034440791891376216
32.0	28.0	56.0	60.0	0.0121805	0.07378886522808074
32.0	28.0	52.0	56.0	0.020708	0.04349640026560767
32.0	28.0	44.0	48.0	0.0650305	0.014005695066732061
31.0	28.0	43.0	46.0	0.0454686	0.019933562974708198
32.0	28.0	40.0	44.0	0.250748	0.0038006619934991114
31.0	28.0	40.0	43.0	0.127176	0.00727277295102478
40.0	37.0	55.0	58.0	0.0265928	0.03392124902327657
31.0	28.0	37.0	40.0	0.494018	0.002041019412112965
30.0	28.0	42.0	44.0	0.026261	0.03434696231815432
30.0	28.0	40.0	42.0	0.0519665	0.017469486785115812
30.0	28.0	38.0	40.0	0.119984	0.007695088760690383
30.0	28.0	36.0	38.0	0.310361	0.0031143011229287022
30.0	28.0	34.0	36.0	0.86675	0.0012610524364137087
29.0	28.0	34.0	35.0	0.192288	0.004887050868303692
31.0	27.0	55.0	59.0	0.0122809	0.07318747750194071
31.0	27.0	51.0	55.0	0.0196233	0.04588814925459013
50.0	49.0	53.0	54.0	0.645068	0.0016163131967176234
31.0	27.0	47.0	51.0	0.0304306	0.02967188521843686
31.0	27.0	43.0	47.0	0.0642732	0.01416803938708515
31.0	27.0	39.0	43.0	0.251016	0.0037968468395246273
31.0	27.0	35.0	39.0	1.66194	0.0007664253701653226
30.0	27.0	48.0	51.0	0.0145959	0.0616155399942307
23.0	19.0	31.0	35.0	0.195903	0.004801064186266717
15.0	11.0	23.0	27.0	0.264394	0.003616231617138777
20.0	15.0	30.0	35.0	0.13202	0.0070142641083228985
14.0	11.0	32.0	35.0	0.0124187	0.07237789885443432
17.0	15.0	25.0	27.0	0.100521	0.00914101388675891
22.0	20.0	30.0	32.0	0.0924609	0.009918050838036605
13.0	10.0	31.0	34.0	0.0142757	0.06299246153488457
4.0	3.0	7.0	8.0	0.366342	0.0026731341868963224
14.0	11.0	26.0	29.0	0.0504664	0.017982006500634234
22.0	19.0	31.0	34.0	0.0966896	0.00949422722031259
20.0	16.0	28.0	32.0	0.213691	0.00442033518354891
34.0	31.0	52.0	55.0	0.0168358	0.05344820909906552
12.0	7.0	32.0	37.0	0.0278117	0.03244454780823001
21.0	19.0	25.0	27.0	0.649734	0.0016063380383093634
16.0	15.0	18.0	19.0	1.69245	0.0007567062449273286
21.0	20.0	23.0	24.0	1.49512	0.0008265805298181806
40.0	37.0	43.0	46.0	2.64542	0.0005659912205240559
13.0	11.0	19.0	21.0	0.269621	0.0035505319229212386
16.0	15.0	20.0	21.0	0.375799	0.002611584306203096
20.0	19.0	23.0	24.0	0.670512	0.0015636036243923503
14.0	8.0	26.0	32.0	0.132517	0.006988809804508838
20.0	19.0	22.0	23.0	1.50801	0.0008214579491824883
20.0	19.0	21.0	22.0	5.30414	0.0003962141052940827
12.0	11.0	13.0	14.0	3.37806	0.000492532257551762
16.0	10.0	40.0	46.0	0.0127122	0.07071208138858831
27.0	23.0	31.0	35.0	1.34089	0.0008955117258765367
16.0	10.0	28.0	34.0	0.113971	0.00808908281435663
18.0	13.0	23.0	28.0	1.02626	0.0011003757668368419
16.0	10.0	22.0	28.0	0.78046	0.0013753487248383415
38.0	37.0	42.0	43.0	0.413551	0.002393927913347053
24.0	20.0	36.0	40.0	0.0583901	0.01557264127300175
15.0	10.0	30.0	35.0	0.0484228	0.018731313567430314
17.0	14.0	32.0	35.0	0.0201327	0.04473283260073575
22.0	18.0	34.0	38.0	0.052061	0.017438189116086696
26.0	24.0	28.0	30.0	3.11756	0.0005146959291494337
19.0	18.0	21.0	22.0	1.65496	0.0007686992564339804
14.0	9.0	39.0	44.0	0.00997807	0.09002589586758317
36.0	33.0	54.0	57.0	0.0165301	0.05443245215291679
14.0	9.0	34.0	39.0	0.0210075	0.04287952059704195
43.0	42.0	44.0	45.0	8.19396	0.0003366371735543568
38.0	37.0	44.0	45.0	0.105634	0.008709562940744806
11.0	5.0	41.0	47.0	0.0100885	0.08904294890259537
36.0	33.0	39.0	42.0	2.46641	0.0005905741449483459
35.0	33.0	39.0	41.0	0.895131	0.0012282758739189672
14.0	9.0	19.0	24.0	1.05467	0.0010768570622200306
14.0	7.0	21.0	28.0	0.60329	0.0017125036960562727
13.0	9.0	37.0	41.0	0.0088448	0.1015316473014676
13.0	9.0	33.0	37.0	0.0165374	0.05440852470901142
6.0	1.0	30.0	36.0	0.0186988	0.048145698820124365
27.0	22.0	57.0	62.0	0.00777808	0.11542497161597817
13.0	9.0	17.0	21.0	1.36001	0.0008861173313923054
12.0	9.0	24.0	27.0	0.0609721	0.014922807880667093
12.0	9.0	18.0	21.0	0.441481	0.002256856780730619
42.0	40.0	54.0	56.0	0.0273533	0.03298446045798557
18.0	13.0	48.0	53.0	0.00556662	0.16118973968053826
26.0	22.0	46.0	50.0	0.0131534	0.06834783400008025
34.0	33.0	40.0	41.0	0.112436	0.008196413719703683
34.0	33.0	35.0	36.0	5.67755	0.0003851037958069389
29.0	28.0	35.0	36.0	0.111463	0.008265979055237673
12.0	9.0	15.0	18.0	1.80287	0.0007242809718627668
29.0	26.0	41.0	44.0	0.0448777	0.020193033466652938
39.0	37.0	43.0	45.0	0.91896	0.0012023198138831905
38.0	37.0	43.0	44.0	0.199914	0.004709297610815797
12.0	5.0	40.0	47.0	0.0145683	0.06173184153953067
34.0	33.0	36.0	37.0	1.81461	0.0007210655604896815
12.0	9.0	21.0	24.0	0.141249	0.006570813051411393
11.0	9.0	21.0	23.0	0.0604138	0.015058613105752069
14.0	11.0	29.0	32.0	0.0248788	0.036242560828289916
11.0	9.0	15.0	17.0	0.691107	0.001523781345615368
25.0	22.0	43.0	46.0	0.0112791	0.07966773918610072
29.0	27.0	39.0	41.0	0.0504342	0.017993342102090495
5.0	2.0	8.0	11.0	1.37583	0.0008785417536213356
32.0	28.0	36.0	40.0	1.79298	0.0007270223730271781
10.0	9.0	16.0	17.0	0.106014	0.008679158794788233
37.0	35.0	43.0	45.0	0.252008	0.0037827956821377194
19.0	13.0	37.0	43.0	0.0275229	0.03278260612069361
10.0	9.0	15.0	16.0	0.180563	0.005189636335687216
8.0	2.0	38.0	44.0	0.00909239	0.09877308252980307
10.0	9.0	14.0	15.0	0.290756	0.0033089658105391402
24.0	22.0	36.0	38.0	0.0245858	0.036671771000071275
14.0	9.0	24.0	29.0	0.172883	0.005410079342775683
10.0	9.0	12.0	13.0	1.08936	0.0010498030026940331
18.0	12.0	30.0	36.0	0.0978227	0.009386886380460802
10.0	9.0	11.0	12.0	3.7003	0.0004694333568104253
24.0	22.0	34.0	36.0	0.0432973	0.02092180562674038
13.0	8.0	38.0	43.0	0.0116432	0.07718351930655411
35.0	32.0	53.0	56.0	0.0163103	0.055162928934945135
13.0	8.0	33.0	38.0	0.0241938	0.03726226269664532
42.0	41.0	43.0	44.0	8.04461	0.00033866729748909967
37.0	36.0	43.0	44.0	0.104676	0.008787193161968887
37.0	36.0	38.0	39.0	7.1946	0.00035182646895118747
10.0	4.0	40.0	46.0	0.0100299	0.08956185714987908
13.0	8.0	28.0	33.0	0.0620609	0.014664988804338853
13.0	8.0	23.0	28.0	0.191861	0.004897421498485749
35.0	32.0	38.0	41.0	2.48449	0.0005879304456297323
13.0	8.0	18.0	23.0	1.05361	0.001077711785528058
34.0	32.0	44.0	46.0	0.0440163	0.020583763596692464
12.0	8.0	24.0	28.0	0.0940155	0.009757808510173615
29.0	25.0	41.0	45.0	0.062916	0.014468764005800081
12.0	8.0	16.0	20.0	1.35358	0.0008892470197983503
33.0	32.0	38.0	39.0	0.217266	0.00435134072599581
11.0	8.0	23.0	26.0	0.0713209	0.0127904593839958
33.0	32.0	35.0	36.0	1.70438	0.0007530005102144084
11.0	8.0	20.0	23.0	0.151178	0.006154185782427689
17.0	12.0	47.0	52.0	0.00523751	0.17130415531644702
31.0	28.0	34.0	37.0	2.4774	0.0005889625628105119
21.0	15.0	51.0	57.0	0.00844809	0.10628875252396303
24.0	19.0	44.0	49.0	0.0160899	0.05591543924515197
10.0	8.0	16.0	18.0	0.288879	0.0033289891160432003
24.0	21.0	42.0	45.0	0.0108847	0.08254621214580204
32.0	30.0	40.0	42.0	0.12077	0.007646486518855287
27.0	25.0	35.0	37.0	0.0883411	0.010369981047286755
9.0	8.0	14.0	15.0	0.178313	0.0052522525645407984
9.0	8.0	13.0	14.0	0.269127	0.003556631955045356
12.0	10.0	18.0	20.0	0.26828	0.0035671431962228635
9.0	8.0	12.0	13.0	0.5293	0.0019201198613578584
10.0	8.0	20.0	22.0	0.0698262	0.01305938673264259
14.0	7.0	28.0	35.0	0.105327	0.008734286505771072
15.0	14.0	17.0	18.0	1.57102	0.000797627089866386
45.0	44.0	51.0	52.0	0.0981303	0.009358174626908923
45.0	44.0	46.0	47.0	9.30998	0.0003235288984130844
13.0	10.0	25.0	28.0	0.0517149	0.017553372428247664
14.0	10.0	30.0	34.0	0.0304855	0.02961885973151741
20.0	15.0	35.0	40.0	0.037303	0.02424725283726637
21.0	18.0	30.0	33.0	0.103849	0.008855359855801404
22.0	18.0	30.0	34.0	0.198069	0.00475104725814768
35.0	31.0	51.0	55.0	0.0345631	0.026151373311367625
13.0	7.0	31.0	37.0	0.045404	0.01996160071310567
49.0	48.0	51.0	52.0	1.99568	0.0006762644833954265
13.0	7.0	25.0	31.0	0.142595	0.0065109344650058345
11.0	10.0	16.0	17.0	0.144016	0.006448933964611781
34.0	31.0	37.0	40.0	2.6536	0.0005649471270743562
12.0	7.0	17.0	22.0	1.03329	0.0010944356928381863
11.0	7.0	27.0	31.0	0.0469393	0.01931612681506054
44.0	42.0	56.0	58.0	0.0253053	0.035635553023877324
25.0	20.0	55.0	60.0	0.00749786	0.11973029278543669
28.0	24.0	44.0	48.0	0.0241258	0.03736664797696921
27.0	24.0	42.0	45.0	0.0196278	0.04587768074139118
22.0	17.0	32.0	37.0	0.115509	0.007984403152484469
32.0	31.0	33.0	34.0	6.95518	0.0003561135486534569
27.0	26.0	28.0	29.0	5.92065	0.000378623859137537
27.0	26.0	33.0	34.0	0.0874946	0.010468110430321234
10.0	7.0	13.0	16.0	1.83616	0.0007152703447125229
43.0	41.0	53.0	55.0	0.0473303	0.01915843213221428
7.0	4.0	19.0	22.0	0.0478537	0.018951372662689748
12.0	10.0	20.0	22.0	0.109845	0.008384387766634093
9.0	7.0	21.0	23.0	0.0410445	0.022057660934384455
9.0	7.0	15.0	17.0	0.304113	0.003173614827741081
5.0	2.0	14.0	17.0	0.0820987	0.011141183974840098
13.0	6.0	55.0	62.0	0.00575741	0.15585573941245526
53.0	52.0	57.0	58.0	0.27278	0.0035120462092606652
12.0	6.0	36.0	42.0	0.0200503	0.04491573545089123
15.0	9.0	27.0	33.0	0.123606	0.007476261352883304
13.0	12.0	18.0	19.0	0.17669	0.005298409790602223
34.0	30.0	50.0	54.0	0.0358037	0.025253102396189823
33.0	30.0	45.0	48.0	0.043237	0.020950667007417757
24.0	21.0	27.0	30.0	2.17882	0.00063852576822938
29.0	25.0	45.0	49.0	0.0257812	0.034981945195639935
12.0	6.0	30.0	36.0	0.0505207	0.017962923603767295
5.0	3.0	17.0	19.0	0.0183638	0.04901984622967432
8.0	4.0	12.0	16.0	1.12315	0.0010250575636041965
6.0	3.0	15.0	18.0	0.0858832	0.010660255856072269
14.0	9.0	44.0	49.0	0.00551447	0.1627119515965724
10.0	6.0	34.0	38.0	0.0132519	0.06784150102518594
7.0	4.0	10.0	13.0	1.43728	0.0008506977367364074
52.0	51.0	54.0	55.0	1.45259	0.0008441271081788336
28.0	24.0	48.0	52.0	0.0155079	0.05800537437648519
34.0	30.0	38.0	42.0	1.70502	0.000752803176983965
12.0	6.0	18.0	24.0	0.821867	0.001317507466490689
10.0	6.0	30.0	34.0	0.0253032	0.03563849167828282
39.0	37.0	49.0	51.0	0.0465739	0.01946589014452042
9.0	8.0	10.0	11.0	4.12278	0.0004446194460064537
27.0	23.0	51.0	55.0	0.0104385	0.08606498445210965
15.0	9.0	39.0	45.0	0.014196	0.06334484139311715
46.0	45.0	50.0	51.0	0.395749	0.0024913900782037733
27.0	23.0	39.0	43.0	0.0596579	0.015246534570374828
18.0	17.0	23.0	24.0	0.19227	0.0048874871077716885
9.0	6.0	21.0	24.0	0.0732378	0.012461635381707878
9.0	6.0	12.0	15.0	1.76317	0.0007354714351166336
49.0	47.0	55.0	57.0	0.251912	0.0037841506350664816
7.0	5.0	15.0	17.0	0.098268	0.00934537978703456
18.0	12.0	36.0	42.0	0.0280191	0.03220607262380017
6.0	2.0	22.0	26.0	0.0303737	0.029727044704418185
16.0	11.0	41.0	46.0	0.00843887	0.10640463139385077
10.0	9.0	13.0	14.0	0.477025	0.0021056297932052167
8.0	6.0	18.0	20.0	0.0665334	0.013694459348144368
8.0	6.0	12.0	14.0	0.628569	0.0016527730842201814
2.0	1.0	14.0	16.0	0.0285583	0.03160229153058923
13.0	10.0	22.0	25.0	0.134766	0.00687597224609724
8.0	6.0	10.0	12.0	2.60821	0.0005708233508648005
15.0	11.0	31.0	35.0	0.028408	0.03176828925265744
2.0	1.0	8.0	10.0	0.298341	0.0032306174132141065
16.0	11.0	31.0	36.0	0.0448504	0.020205186421767666
12.0	11.0	15.0	16.0	0.537955	0.0018928843591146693
21.0	15.0	33.0	39.0	0.0841614	0.010873696780399069
10.0	6.0	26.0	30.0	0.0497298	0.018244990202787366
16.0	11.0	21.0	26.0	1.07646	0.0010596598163861199
11.0	8.0	17.0	20.0	0.442301	0.0022530940765833206
19.0	14.0	49.0	54.0	0.00587064	0.1528540548009481
7.0	6.0	8.0	9.0	4.21969	0.0004396281417403291
31.0	28.0	49.0	52.0	0.0158735	0.05667462381696811
3.0	2.0	8.0	9.0	0.161867	0.0057627988491105895
12.0	10.0	24.0	26.0	0.0313877	0.028774035881281218
20.0	18.0	24.0	26.0	0.767538	0.0013946771005752254
12.0	5.0	54.0	61.0	0.00592676	0.151408844559745
48.0	46.0	50.0	52.0	4.22821	0.000439200265020584
12.0	5.0	19.0	26.0	0.632075	0.001644866179627469
14.0	8.0	38.0	44.0	0.0160152	0.05617518654934886
52.0	51.0	55.0	56.0	0.633808	0.00164099013836803
11.0	5.0	29.0	35.0	0.0534883	0.016978927527818308
39.0	38.0	41.0	42.0	2.49271	0.0005867411797279869
11.0	5.0	23.0	29.0	0.16343	0.005709858714871083
11.0	5.0	17.0	23.0	0.792922	0.0013573051415682348
48.0	46.0	54.0	56.0	0.240146	0.003958419896061232
12.0	5.0	33.0	40.0	0.0364737	0.02479339315926156
13.0	12.0	17.0	18.0	0.274617	0.0034900734108464734
10.0	5.0	25.0	30.0	0.0750488	0.012166408726313473
13.0	8.0	43.0	48.0	0.00620928	0.144530138197015
5.0	2.0	20.0	23.0	0.0202739	0.04442286840342406
14.0	10.0	18.0	22.0	1.48195	0.0008319064215238175
4.0	2.0	16.0	18.0	0.0202911	0.04438540547571445
13.0	10.0	19.0	22.0	0.415878	0.002381804706371116
10.0	5.0	35.0	40.0	0.0153128	0.05874152354494431
11.0	5.0	35.0	41.0	0.0211083	0.04267584028082879
37.0	34.0	55.0	58.0	0.0160325	0.05611481551085923
28.0	25.0	37.0	40.0	0.108407	0.008492590299049555
6.0	1.0	18.0	24.0	0.106288	0.008657370699538841
18.0	12.0	54.0	60.0	0.00483037	0.18572380359551033
12.0	7.0	22.0	27.0	0.208196	0.004531003994194865
33.0	31.0	39.0	41.0	0.308714	0.003129703448185034
11.0	7.0	19.0	23.0	0.296818	0.003246027776835251
5.0	3.0	11.0	13.0	0.132628	0.006983150900576482
44.0	42.0	50.0	52.0	0.261267	0.0036567925454447404
39.0	37.0	45.0	47.0	0.255921	0.0037284323892713737
3.0	2.0	5.0	6.0	0.68664	0.0015322158140978219
3.0	2.0	7.0	8.0	0.26027	0.0036699297404435426
2.0	1.0	4.0	6.0	1.66429	0.0007656640984808631
13.0	10.0	16.0	19.0	1.82074	0.0007194031227100422
12.0	10.0	16.0	18.0	0.652159	0.0016012101469463425
7.0	6.0	9.0	10.0	1.42624	0.0008555233358183583
4.0	2.0	14.0	16.0	0.0371974	0.02431544331477262
37.0	36.0	41.0	42.0	0.431171	0.002305387112821507
28.0	23.0	53.0	58.0	0.0136404	0.06591574207186894
15.0	9.0	21.0	27.0	0.786062	0.001367166869219108
3.0	2.0	4.0	5.0	2.03576	0.0006674250100690941
7.0	3.0	19.0	23.0	0.0675558	0.013490645053288107
5.0	2.0	11.0	14.0	0.223852	0.0042300059934365485
6.0	2.0	30.0	34.0	0.00947554	0.0947883152414527
18.0	14.0	26.0	30.0	0.22391	0.004228969158354915
23.0	18.0	28.0	33.0	0.895776	0.0012275551152859058
13.0	11.0	21.0	23.0	0.107504	0.008562016269481333
12.0	11.0	16.0	17.0	0.27256	0.0035146975417507083
7.0	6.0	12.0	13.0	0.131265	0.00705330092893098
16.0	12.0	36.0	40.0	0.0127158	0.07069212627271865
6.0	2.0	18.0	22.0	0.0598463	0.015199253011162445
54.0	53.0	58.0	59.0	0.294578	0.003268982583179333
13.0	7.0	37.0	43.0	0.0181693	0.0495421642556506
9.0	7.0	19.0	21.0	0.072703	0.012551630703734221
9.0	2.0	37.0	44.0	0.0149479	0.06016994126090445
32.0	31.0	34.0	35.0	1.86788	0.0007069834877433659
28.0	26.0	34.0	36.0	0.228621	0.004146509856630387
9.0	2.0	16.0	23.0	0.579014	0.0017747735857087366
25.0	21.0	45.0	49.0	0.0124045	0.07246049296935192
28.0	25.0	43.0	46.0	0.0194613	0.04626823998856901
20.0	18.0	22.0	24.0	3.24974	0.0005030058226014852
12.0	10.0	14.0	16.0	2.3391	0.0006103467829442357
12.0	11.0	14.0	15.0	1.09209	0.0010477468803587382
7.0	6.0	10.0	11.0	0.505428	0.0020000745198868104
40.0	38.0	42.0	44.0	4.71413	0.0004173567347190293
21.0	16.0	36.0	41.0	0.0359968	0.02511885476608933
3.0	2.0	9.0	10.0	0.0951301	0.009646143326672992
5.0	2.0	23.0	26.0	0.0137435	0.06542296513792227
22.0	18.0	26.0	30.0	1.22473	0.000958889831492333
22.0	21.0	28.0	29.0	0.0895786	0.01022986293013414
23.0	19.0	27.0	31.0	1.30768	0.0009124820602962616
6.0	5.0	8.0	9.0	1.16191	0.000998444818395935
27.0	26.0	32.0	33.0	0.160265	0.005818131523922867
8.0	2.0	14.0	20.0	0.660977	0.0015828808244122592
20.0	14.0	38.0	44.0	0.0270047	0.03340731836482915
51.0	50.0	53.0	54.0	1.86516	0.0007076830397353144
46.0	45.0	48.0	49.0	2.36979	0.0006053859523631803
27.0	23.0	47.0	51.0	0.0144411	0.062273585549922
14.0	8.0	50.0	56.0	0.00639392	0.14036304217811588
49.0	47.0	53.0	55.0	0.71872	0.0014739704065466622
48.0	47.0	53.0	54.0	0.157505	0.0059161013208264245
13.0	6.0	27.0	34.0	0.114399	0.008059669542257623
14.0	13.0	16.0	17.0	1.43108	0.0008533985997244735
15.0	14.0	19.0	20.0	0.405711	0.0024357963131970617
4.0	1.0	16.0	20.0	0.0639746	0.014233107537202302
3.0	1.0	18.0	21.0	0.0273985	0.032930420117359284
11.0	10.0	12.0	13.0	3.09435	0.0005168517220805555
11.0	8.0	29.0	32.0	0.0210513	0.04279077701052249
33.0	31.0	41.0	43.0	0.114319	0.00806515061417598
32.0	31.0	36.0	37.0	0.430465	0.0023087953787314414
28.0	26.0	36.0	38.0	0.0995576	0.009227270337016714
10.0	7.0	16.0	19.0	0.474648	0.0021150363903479678
9.0	2.0	23.0	30.0	0.121199	0.0076202252716452085
17.0	13.0	25.0	29.0	0.23	0.004123011555299032
6.0	2.0	26.0	30.0	0.0165129	0.05448891278993026
12.0	11.0	18.0	19.0	0.103266	0.008904070630811299
32.0	30.0	38.0	40.0	0.333209	0.0029163397382348365
10.0	6.0	18.0	22.0	0.316844	0.0030552294119331348
6.0	1.0	24.0	30.0	0.042308	0.02140571145980867
7.0	2.0	22.0	27.0	0.0543411	0.016716036278792198
19.0	18.0	25.0	26.0	0.0961791	0.009543414344623616
24.0	23.0	25.0	26.0	6.20981	0.0003715768201567453
24.0	23.0	30.0	31.0	0.115976	0.007953167607393835
2.0	1.0	12.0	14.0	0.0434767	0.02083641283542849
3.0	1.0	12.0	15.0	0.100434	0.009148735318758152
9.0	3.0	27.0	33.0	0.0524006	0.017326647977212964
3.0	1.0	9.0	12.0	0.382516	0.002569715914258792
8.0	5.0	26.0	29.0	0.02041	0.04412815900967542
30.0	28.0	32.0	34.0	4.09383	0.0004461563430028433
28.0	26.0	32.0	34.0	0.761322	0.0014042085489161674
9.0	8.0	15.0	16.0	0.116573	0.007913601402956504
10.0	7.0	28.0	31.0	0.0242416	0.037189236499013616
4.0	3.0	9.0	10.0	0.116144	0.007941992272789586
30.0	26.0	38.0	42.0	0.241534	0.003936978552593677
13.0	11.0	17.0	19.0	0.705725	0.0014969264590717869
7.0	6.0	13.0	14.0	0.0760538	0.012008641224174194
11.0	4.0	53.0	60.0	0.00592932	0.15134357151170827
15.0	12.0	18.0	21.0	2.42484	0.0005968021337501583
24.0	21.0	36.0	39.0	0.0415916	0.021770502037610866
13.0	9.0	29.0	33.0	0.0355854	0.025406624224164794
14.0	9.0	29.0	34.0	0.0535755	0.016951662395128315
6.0	4.0	8.0	10.0	2.28601	0.0006192429303240767
4.0	3.0	6.0	7.0	0.589198	0.001748026022619062
23.0	22.0	28.0	29.0	0.176229	0.0053116754162165925
10.0	8.0	18.0	20.0	0.144323	0.006435699443171341
6.0	2.0	14.0	18.0	0.168677	0.005539313486161273
48.0	47.0	50.0	51.0	2.24575	0.0006262696138676567
6.0	5.0	10.0	11.0	0.211448	0.0044648142454504795
12.0	6.0	24.0	30.0	0.155304	0.005996724369140336
9.0	2.0	51.0	58.0	0.00556675	0.16118598073340729
3.0	1.0	6.0	9.0	1.61502	0.000782088585424398
51.0	50.0	56.0	57.0	0.194959	0.004823210618795786
14.0	7.0	35.0	42.0	0.0310635	0.029071969347224648
20.0	18.0	26.0	28.0	0.235493	0.004032141682676618
13.0	11.0	15.0	17.0	2.62993	0.000567986155545806
7.0	6.0	11.0	12.0	0.248691	0.0038302184866322564
5.0	4.0	6.0	7.0	1.98303	0.0006791285722989042
9.0	8.0	11.0	12.0	1.23362	0.0009536175794744237
6.0	2.0	10.0	14.0	0.836144	0.0012988921468593756
16.0	14.0	20.0	22.0	0.902359	0.0012202578314839739
15.0	14.0	20.0	21.0	0.218263	0.004332502524934028
4.0	1.0	8.0	12.0	1.14084	0.0010126872277722828
10.0	8.0	22.0	24.0	0.0437521	0.020706687554763688
2.0	1.0	6.0	8.0	0.640421	0.0016263922042172162
18.0	16.0	22.0	24.0	0.823453	0.0013154076614078033
12.0	9.0	27.0	30.0	0.031606	0.028576865868087012
3.0	2.0	6.0	7.0	0.368311	0.002660058621626302
9.0	3.0	39.0	45.0	0.00965412	0.09303914405327976
16.0	15.0	17.0	18.0	4.78225	0.0004146493063995222
16.0	15.0	22.0	23.0	0.112961	0.008159376229741885
21.0	20.0	22.0	23.0	5.07781	0.00040374361776507653
6.0	4.0	12.0	14.0	0.148233	0.0062719376934186125
35.0	31.0	55.0	59.0	0.0196665	0.04578784928864217
9.0	7.0	17.0	19.0	0.136584	0.00678747497644263
4.0	1.0	24.0	28.0	0.0191189	0.04709278651312501
11.0	4.0	39.0	46.0	0.014959	0.06012546211990304
11.0	6.0	26.0	31.0	0.0746555	0.012229306394354472
7.0	3.0	11.0	15.0	0.940628	0.0011798592593191062
23.0	20.0	29.0	32.0	0.378375	0.002595351860337585
11.0	9.0	13.0	15.0	2.09654	0.0006546651143595752
15.0	11.0	27.0	31.0	0.0741853	0.012305377392998904
9.0	6.0	18.0	21.0	0.165803	0.005631391230098853
14.0	10.0	38.0	42.0	0.00752396	0.11931574665950313
54.0	53.0	59.0	60.0	0.150657	0.006174682106119999
9.0	4.0	24.0	29.0	0.0707638	0.012889365091911818
22.0	18.0	38.0	42.0	0.0218593	0.041217474091089154
7.0	3.0	27.0	31.0	0.0180968	0.04973973115437973
12.0	8.0	28.0	32.0	0.0424112	0.021354177584839082
45.0	43.0	57.0	59.0	0.0241716	0.03729627684863995
35.0	34.0	39.0	40.0	0.379837	0.002586237129881803
26.0	21.0	56.0	61.0	0.00748233	0.11997832804864512
7.0	2.0	17.0	22.0	0.140029	0.006626080907754349
18.0	17.0	22.0	23.0	0.340617	0.0028578561393933885
13.0	6.0	48.0	55.0	0.00916055	0.09803984255271743
14.0	10.0	22.0	26.0	0.256701	0.0037177939657285766
42.0	39.0	57.0	60.0	0.0242995	0.03710116485484683
17.0	14.0	20.0	23.0	2.31114	0.0006149810203947769
14.0	8.0	44.0	50.0	0.0080155	0.11201280338549453
43.0	41.0	49.0	51.0	0.252645	0.003773831089581335
11.0	4.0	46.0	53.0	0.00856552	0.10483469042609612
8.0	6.0	20.0	22.0	0.0360341	0.0250930887415634
9.0	6.0	15.0	18.0	0.461677	0.002168073484734838
8.0	2.0	26.0	32.0	0.0482376	0.018802356609638707
11.0	9.0	23.0	25.0	0.0383086	0.023616729185510905
15.0	9.0	33.0	39.0	0.035357	0.02556927831770949
10.0	5.0	15.0	20.0	1.08319	0.0010544881716416305
17.0	11.0	47.0	53.0	0.00724892	0.12383422529378099
28.0	24.0	32.0	36.0	1.3041	0.0009143630516910806
9.0	5.0	25.0	29.0	0.0459912	0.019709639698116257
9.0	5.0	13.0	17.0	1.30218	0.0009153761123995437
28.0	25.0	34.0	37.0	0.35206	0.0027723547735706085
10.0	4.0	28.0	34.0	0.055323	0.016423385778646347
8.0	7.0	9.0	10.0	5.11238	0.00040255041029280624
34.0	32.0	36.0	38.0	3.85805	0.00045953231854372115
33.0	32.0	36.0	37.0	0.799748	0.0013476602175177157
15.0	10.0	35.0	40.0	0.0189176	0.04759147689647479
29.0	27.0	41.0	43.0	0.0263983	0.03416950272721683
32.0	30.0	44.0	46.0	0.0256634	0.03514147584316728
5.0	1.0	30.0	35.0	0.0129117	0.06962301359555556
11.0	8.0	26.0	29.0	0.0360833	0.025059183930171532
7.0	2.0	37.0	42.0	0.00638755	0.1405027929064927
18.0	13.0	43.0	48.0	0.00756714	0.11863619801642263
27.0	26.0	31.0	32.0	0.339012	0.0028703101664407727
6.0	1.0	42.0	48.0	0.00469258	0.19117060793775026
32.0	28.0	48.0	52.0	0.0331332	0.027270156044094038
29.0	28.0	30.0	31.0	7.93321	0.00034023133586280716
15.0	11.0	19.0	23.0	1.60157	0.0007867478203937161
4.0	3.0	8.0	9.0	0.210354	0.004486852597891951
35.0	33.0	45.0	47.0	0.040986	0.022088819791482698
13.0	9.0	25.0	29.0	0.0816668	0.011198902808105688
12.0	9.0	30.0	33.0	0.0176967	0.050859144897761804
33.0	30.0	36.0	39.0	2.66774	0.0005631574008204855
32.0	30.0	36.0	38.0	1.0295	0.0010976280155757013
11.0	6.0	21.0	26.0	0.212452	0.004444788648737002
2.0	1.0	10.0	12.0	0.0975316	0.009414224797835127
11.0	10.0	13.0	14.0	0.879348	0.0012462421610914972
46.0	44.0	50.0	52.0	0.871549	0.0012553602220185544
45.0	44.0	50.0	51.0	0.199158	0.004726311241013069
14.0	7.0	42.0	49.0	0.012637	0.07113152085933616
10.0	3.0	24.0	31.0	0.125287	0.007379000447200754
14.0	13.0	15.0	16.0	4.70233	0.0004178336964198608
14.0	13.0	20.0	21.0	0.11119	0.008285716110066881
9.0	5.0	29.0	33.0	0.0244742	0.03683795434801636
34.0	32.0	46.0	48.0	0.0228465	0.03944628316894181
15.0	10.0	45.0	50.0	0.005047	0.17776182409380184
18.0	14.0	38.0	42.0	0.0114351	0.07858399609223383
22.0	17.0	42.0	47.0	0.0146886	0.061228117699464124
11.0	5.0	47.0	53.0	0.00678873	0.13221321182922466
28.0	23.0	33.0	38.0	0.867407	0.001260269431017253
32.0	29.0	41.0	44.0	0.127806	0.007238043309223754
19.0	14.0	34.0	39.0	0.0382443	0.023656053769267077
10.0	5.0	20.0	25.0	0.21684	0.004359442769862958
19.0	13.0	43.0	49.0	0.0113614	0.07909228640089676
13.0	10.0	28.0	31.0	0.0270819	0.033312734953893613
21.0	17.0	45.0	49.0	0.00626869	0.14316254266555098
35.0	32.0	41.0	44.0	0.410911	0.002407848041794874
7.0	4.0	25.0	28.0	0.0157343	0.05717400856141458
10.0	4.0	16.0	22.0	0.796543	0.0013521681956882455
8.0	5.0	23.0	26.0	0.0354845	0.02547822154688683
39.0	38.0	44.0	45.0	0.202985	0.00464148837967232
7.0	1.0	42.0	49.0	0.00668068	0.1343478866310602
13.0	6.0	41.0	48.0	0.0138334	0.06499927381627044
15.0	9.0	45.0	51.0	0.00755735	0.11878958819232519
27.0	25.0	39.0	41.0	0.0223991	0.040229644072111055
5.0	1.0	25.0	30.0	0.0246575	0.03656579636541168
17.0	13.0	21.0	25.0	1.52414	0.0008151698201692873
25.0	21.0	49.0	53.0	0.00938245	0.09572652287225479
48.0	46.0	52.0	54.0	0.769896	0.0013911016727970293
12.0	5.0	26.0	33.0	0.121148	0.007623337497091385
13.0	12.0	15.0	16.0	1.27195	0.0009317297076688135
15.0	13.0	19.0	21.0	0.930368	0.001190364133437152
7.0	1.0	14.0	21.0	0.45053	0.0022160923845261694
12.0	10.0	22.0	24.0	0.0581655	0.015631895757712743
11.0	10.0	17.0	18.0	0.0848353	0.010789125663973413
8.0	7.0	11.0	12.0	0.555523	0.0018402110638992839
4.0	2.0	10.0	12.0	0.161649	0.005770264046786566
48.0	46.0	58.0	60.0	0.0450829	0.02010215707401151
4.0	2.0	8.0	10.0	0.583655	0.001762468562080514
19.0	17.0	31.0	33.0	0.0238293	0.03782876061736861
24.0	22.0	26.0	28.0	3.39689	0.0004910619180129799
23.0	22.0	26.0	27.0	0.643869	0.00161889981490853
7.0	1.0	28.0	35.0	0.0358209	0.025241085834988845
5.0	1.0	35.0	40.0	0.00678763	0.1322346014038036
55.0	54.0	61.0	62.0	0.0888448	0.010312477677904363
55.0	54.0	56.0	57.0	4.7329	0.00041660294267737845
9.0	4.0	39.0	44.0	0.00771194	0.11641294285380363
14.0	11.0	20.0	23.0	0.425166	0.0023347379910082207
12.0	8.0	36.0	40.0	0.0107347	0.0836964854537866
7.0	4.0	22.0	25.0	0.0281942	0.03200746846095666
7.0	1.0	21.0	28.0	0.0979083	0.00937887825685709
28.0	25.0	40.0	43.0	0.0410977	0.022029402031054506
4.0	1.0	28.0	32.0	0.0119429	0.0752523482311233
40.0	37.0	46.0	49.0	0.386048	0.002548284741314152
21.0	15.0	45.0	51.0	0.0120078	0.07484685126079173
12.0	7.0	42.0	47.0	0.00725713	0.12369438861326575
4.0	3.0	10.0	11.0	0.0541666	0.016769155486459558
39.0	36.0	45.0	48.0	0.380766	0.002580481717540564
8.0	4.0	16.0	20.0	0.244045	0.003898809209703525
15.0	10.0	20.0	25.0	1.09466	0.0010458206350114968
10.0	7.0	19.0	22.0	0.167835	0.005565963034252836
5.0	3.0	13.0	15.0	0.0571101	0.01591657438440426
24.0	19.0	49.0	54.0	0.0111632	0.0804925159966314
25.0	21.0	41.0	45.0	0.0246201	0.03662099761467682
26.0	21.0	41.0	46.0	0.0390105	0.023195892488407723
9.0	6.0	27.0	30.0	0.0234389	0.03845505347153928
11.0	9.0	17.0	19.0	0.262093	0.0036459842744428965
5.0	1.0	10.0	15.0	0.606286	0.0017051644017866505
13.0	6.0	20.0	27.0	0.615383	0.001683317426432172
36.0	35.0	40.0	41.0	0.372239	0.0026343871316939563
17.0	13.0	29.0	33.0	0.0666303	0.013674874128358714
4.0	3.0	5.0	6.0	1.97101	0.0006818840856151572
24.0	20.0	32.0	36.0	0.198171	0.004748718846728602
27.0	24.0	30.0	33.0	2.13333	0.0006472948213636309
4.0	2.0	12.0	14.0	0.0631549	0.01441489187509192
8.0	3.0	18.0	23.0	0.170762	0.005474453759080117
20.0	14.0	32.0	38.0	0.0880705	0.010401144867213497
11.0	10.0	14.0	15.0	0.454093	0.0022004873958233633
8.0	3.0	38.0	43.0	0.00691042	0.12988898735668042
5.0	3.0	15.0	17.0	0.0322317	0.028026527786460507
3.0	1.0	15.0	18.0	0.0483431	0.018761819905965985
8.0	2.0	44.0	50.0	0.00500908	0.17910580535857212
9.0	2.0	44.0	51.0	0.00760842	0.11799376241529899
40.0	38.0	44.0	46.0	0.936748	0.0011838048061929547
9.0	5.0	21.0	25.0	0.1023	0.008986003902352916
5.0	3.0	7.0	9.0	1.76155	0.0007359387848621903
14.0	12.0	22.0	24.0	0.115022	0.008017246573002236
17.0	16.0	20.0	21.0	0.713227	0.0014835718880993423
9.0	5.0	33.0	37.0	0.0127477	0.07051579419747137
6.0	5.0	7.0	8.0	3.47639	0.000485029751633967
33.0	30.0	51.0	54.0	0.0168621	0.053365199849326306
18.0	16.0	28.0	30.0	0.0458688	0.01976162797899233
19.0	16.0	28.0	31.0	0.112663	0.008180357055778248
28.0	25.0	46.0	49.0	0.0114837	0.07825238379857723
11.0	6.0	31.0	36.0	0.0309438	0.029183549326497693
5.0	3.0	9.0	11.0	0.466063	0.0021498092314879477
6.0	3.0	9.0	12.0	1.39275	0.0008706298939620111
6.0	3.0	21.0	24.0	0.021758	0.04140831451873992
30.0	27.0	45.0	48.0	0.0212944	0.04230486594491185
21.0	18.0	27.0	30.0	0.355237	0.002749593398515817
4.0	2.0	6.0	8.0	1.58082	0.0007940913679661552
12.0	7.0	37.0	42.0	0.0134005	0.06709171763572344
43.0	41.0	47.0	49.0	0.839515	0.001294589206039248
6.0	4.0	18.0	20.0	0.0229478	0.03927315614219363
6.0	3.0	24.0	27.0	0.0133634	0.06727734931651852
6.0	3.0	12.0	15.0	0.234389	0.004050063003044818
6.0	3.0	18.0	21.0	0.0396669	0.022815812544868877
46.0	45.0	51.0	52.0	0.178182	0.005255946936490314
11.0	4.0	25.0	32.0	0.122422	0.007546369556320391
8.0	3.0	23.0	28.0	0.0626835	0.014521587213984744
7.0	3.0	23.0	27.0	0.0337198	0.026799709973800573
11.0	10.0	15.0	16.0	0.259392	0.0036815825321814283
24.0	23.0	27.0	28.0	0.722853	0.0014668423383541673
19.0	16.0	34.0	37.0	0.0186292	0.04832472537588049
7.0	3.0	31.0	35.0	0.00972474	0.09236515447662846
52.0	51.0	57.0	58.0	0.147525	0.006300947103333134
38.0	37.0	39.0	40.0	7.57209	0.00034561779019866144
9.0	3.0	15.0	21.0	0.75302	0.0014171840457697048
15.0	13.0	25.0	27.0	0.0519806	0.01746480975124046
16.0	14.0	28.0	30.0	0.0283413	0.031842519612520534
20.0	17.0	32.0	35.0	0.0380677	0.023764742246318256
34.0	33.0	39.0	40.0	0.215696	0.00438135873965126
9.0	3.0	33.0	39.0	0.020398	0.044153985584472186
13.0	11.0	25.0	27.0	0.0278288	0.03242475122440107
8.0	6.0	16.0	18.0	0.11785	0.00783031396632948
7.0	2.0	27.0	32.0	0.0255302	0.035323635405146346
8.0	2.0	32.0	38.0	0.0190607	0.04723588577565557
23.0	22.0	27.0	28.0	0.323187	0.0029997270456299427
32.0	30.0	34.0	36.0	3.8599	0.0004594210060321773
31.0	30.0	34.0	35.0	0.793404	0.0013566186450428934
4.0	1.0	20.0	24.0	0.0325007	0.027796440558675417
10.0	6.0	14.0	18.0	1.44382	0.0008478739007327626
5.0	1.0	20.0	25.0	0.0494471	0.01834800139854505
18.0	12.0	24.0	30.0	0.699004	0.00150913418837589
10.0	3.0	38.0	45.0	0.0153244	0.05869723044686391
44.0	42.0	46.0	48.0	4.37072	0.00043229068001189363
43.0	42.0	46.0	47.0	0.856589	0.0012733151410146218
39.0	37.0	51.0	53.0	0.0270041	0.033408055586926846
25.0	20.0	45.0	50.0	0.0169968	0.052944080758838344
14.0	13.0	17.0	18.0	0.607997	0.0017010054183393966
10.0	3.0	52.0	59.0	0.00603228	0.14876429257787038
18.0	15.0	24.0	27.0	0.405745	0.0024356112478457156
5.0	4.0	7.0	8.0	0.788615	0.0013634767097201904
12.0	8.0	32.0	36.0	0.0193844	0.046450889404586866
25.0	23.0	29.0	31.0	0.849149	0.0012824801458533298
16.0	10.0	46.0	52.0	0.00725408	0.12374630073197732
5.0	4.0	10.0	11.0	0.0896997	0.010216358848940918
6.0	4.0	10.0	12.0	0.464347	0.0021569139384793458
19.0	16.0	25.0	28.0	0.378672	0.0025934945392890882
24.0	21.0	30.0	33.0	0.414242	0.002390313723174025
8.0	3.0	13.0	18.0	0.823599	0.001315214769331618
20.0	14.0	26.0	32.0	0.643735	0.001619189493445659
6.0	4.0	14.0	16.0	0.0747906	0.012207626224428503
7.0	4.0	13.0	16.0	0.301572	0.0031984401458370077
10.0	8.0	12.0	14.0	2.36414	0.0006062895634540742
8.0	4.0	20.0	24.0	0.0852228	0.010741101980644369
20.0	17.0	26.0	29.0	0.368222	0.0026606466276064443
14.0	11.0	23.0	26.0	0.132153	0.007007433631144235
8.0	6.0	14.0	16.0	0.270657	0.003537811459450545
13.0	11.0	23.0	25.0	0.0571664	0.01590112287932375
16.0	15.0	21.0	22.0	0.190587	0.004928639536771902
32.0	30.0	42.0	44.0	0.0517007	0.017558131172776145
10.0	6.0	22.0	26.0	0.111915	0.008233512548223838
27.0	25.0	37.0	39.0	0.0430283	0.02105118154219858
17.0	16.0	19.0	20.0	1.66316	0.0007660298882605585
55.0	54.0	59.0	60.0	0.276643	0.003466178330478143
21.0	19.0	23.0	25.0	3.10857	0.0005155271192809051
5.0	4.0	9.0	10.0	0.205349	0.004590671605529736
14.0	8.0	20.0	26.0	0.779874	0.001376211382896107
8.0	4.0	24.0	28.0	0.0400867	0.02257925869224002
7.0	5.0	9.0	11.0	2.66359	0.0005636807040065852
42.0	40.0	44.0	46.0	4.39138	0.00043132620168960593
41.0	40.0	44.0	45.0	0.857447	0.0012722684375343586
18.0	13.0	38.0	43.0	0.0157408	0.0571504930034505
8.0	4.0	28.0	32.0	0.0218899	0.04116017370383809
29.0	28.0	33.0	34.0	0.39192	0.0025135100348958757
25.0	20.0	50.0	55.0	0.0121925	0.07371646506836577
48.0	47.0	52.0	53.0	0.340772	0.0028566596258079537
34.0	30.0	46.0	50.0	0.0632947	0.014383555487343982
6.0	5.0	12.0	13.0	0.0621093	0.014653737915953882
9.0	4.0	14.0	19.0	0.999436	0.0011238087353100065
7.0	2.0	12.0	17.0	0.682308	0.0015405008623795122
16.0	14.0	22.0	24.0	0.306817	0.0031476486251466947
19.0	18.0	20.0	21.0	5.76495	0.0003827111904064276
34.0	31.0	43.0	46.0	0.110025	0.008371042815333789
33.0	31.0	43.0	45.0	0.0473626	0.019145521607646654
11.0	7.0	23.0	27.0	0.105859	0.008691534126494767
8.0	7.0	10.0	11.0	1.29948	0.0009168057939150776
20.0	18.0	28.0	30.0	0.0971187	0.009453283052447565
9.0	4.0	29.0	34.0	0.0311813	0.028962996864845474
7.0	5.0	13.0	15.0	0.197592	0.004761967912751684
49.0	48.0	50.0	51.0	8.69176	0.00033037435996317795
35.0	31.0	39.0	43.0	1.58932	0.0007910599814543355
13.0	7.0	19.0	25.0	0.798586	0.0013492904420775902
10.0	4.0	22.0	28.0	0.16323	0.00571657631878035
33.0	31.0	45.0	47.0	0.0239833	0.03758731648552316
8.0	7.0	12.0	13.0	0.272551	0.0035148060964847474
51.0	50.0	55.0	56.0	0.373079	0.0026289674626378276
10.0	4.0	34.0	40.0	0.0213419	0.04221121519057986
33.0	31.0	35.0	37.0	3.73682	0.0004670668497035181
11.0	7.0	15.0	19.0	1.39447	0.0008698363659488025
28.0	26.0	40.0	42.0	0.0235802	0.03822598062637454
5.0	2.0	17.0	20.0	0.0369567	0.02447233014171412
7.0	1.0	49.0	56.0	0.00499159	0.179732576647602
27.0	22.0	32.0	37.0	0.846594	0.001285664695136941
35.0	31.0	47.0	51.0	0.0647604	0.014063161484668464
29.0	26.0	47.0	50.0	0.0128436	0.06999096720902023
12.0	7.0	27.0	32.0	0.0704747	0.012941307235450903
8.0	4.0	32.0	36.0	0.0111019	0.08093570667402576
31.0	30.0	35.0	36.0	0.395778	0.002491224179619156
3.0	1.0	21.0	24.0	0.017496	0.05143995274090979
49.0	47.0	57.0	59.0	0.0934735	0.009813070622391635
7.0	5.0	17.0	19.0	0.0497853	0.018224904302582393
39.0	38.0	42.0	43.0	0.926311	0.0011945821626237374
34.0	30.0	54.0	58.0	0.0199571	0.04512443127655348
26.0	21.0	36.0	41.0	0.130318	0.007102904482303833
6.0	5.0	9.0	10.0	0.522681	0.0019415571537912783
30.0	26.0	34.0	38.0	1.50527	0.0008225395028982433
6.0	1.0	36.0	42.0	0.00877984	0.10228117477482403
26.0	22.0	30.0	34.0	1.40688	0.0008641684720893595
49.0	47.0	51.0	53.0	3.82672	0.0004614337558718059
48.0	47.0	51.0	52.0	0.74951	0.0014227564079032017
6.0	5.0	11.0	12.0	0.11184	0.008238881530428708
9.0	3.0	45.0	51.0	0.00573503	0.15646305354699466
17.0	12.0	27.0	32.0	0.151049	0.0061592475175947905
9.0	6.0	24.0	27.0	0.0392096	0.023079261625169302
11.0	6.0	16.0	21.0	1.03586	0.0010922842689200087
18.0	12.0	48.0	54.0	0.00741717	0.12103034355878756
44.0	43.0	47.0	48.0	0.836808	0.0012980418367610925
26.0	21.0	46.0	51.0	0.0185145	0.04862269595374117
8.0	5.0	11.0	14.0	1.6415	0.0007731387438568321
7.0	5.0	11.0	13.0	0.552518	0.001848983337314134
31.0	30.0	32.0	33.0	7.06474	0.00035411569521794165
26.0	25.0	27.0	28.0	5.74881	0.00038314755166800747
26.0	25.0	32.0	33.0	0.0860394	0.01064131534919859
19.0	17.0	23.0	25.0	0.86265	0.0012659657166821502
10.0	7.0	25.0	28.0	0.0393781	0.022981477378470436
9.0	5.0	17.0	21.0	0.28829	0.003335326148086917
8.0	5.0	17.0	20.0	0.138322	0.006705046961037246
8.0	5.0	20.0	23.0	0.0612328	0.014860241372518406
15.0	11.0	35.0	39.0	0.013474	0.06672697548756194
23.0	19.0	35.0	39.0	0.054095	0.01679105026111291
23.0	19.0	39.0	43.0	0.0222835	0.0404371641008439
29.0	28.0	32.0	33.0	0.851543	0.0012795136085152234
24.0	20.0	44.0	48.0	0.0115529	0.07778502610068436
16.0	11.0	26.0	31.0	0.159005	0.005862434942066293
34.0	33.0	37.0	38.0	0.831687	0.0013046348689763785
16.0	11.0	36.0	41.0	0.0176438	0.05101095036600849
20.0	14.0	50.0	56.0	0.00829323	0.10826924488482491
17.0	11.0	23.0	29.0	0.749198	0.0014232542558400047
4.0	1.0	12.0	16.0	0.172457	0.005422881779573846
26.0	25.0	31.0	32.0	0.170865	0.0054712906873574125
42.0	40.0	52.0	54.0	0.0486697	0.01863744316477324
37.0	35.0	47.0	49.0	0.0408861	0.022142235676034298
27.0	26.0	29.0	30.0	1.55009	0.000805328083395806
17.0	11.0	29.0	35.0	0.104379	0.008811549520457287
35.0	33.0	41.0	43.0	0.271355	0.003529295874433726
13.0	9.0	21.0	25.0	0.263419	0.0036287752138402115
17.0	11.0	35.0	41.0	0.029589	0.030509378018563595
17.0	11.0	41.0	47.0	0.0118731	0.07569340821746946
13.0	12.0	14.0	15.0	4.00059	0.00045125745165713904
40.0	37.0	58.0	61.0	0.014939	0.06020565246174063
14.0	12.0	16.0	18.0	2.86148	0.0005404168364586231
13.0	12.0	16.0	17.0	0.551893	0.001850819853918112
13.0	12.0	19.0	20.0	0.10335	0.00889701838228585
14.0	12.0	18.0	20.0	0.830875	0.0013056877434168637
14.0	12.0	20.0	22.0	0.273134	0.003507788939885824
14.0	12.0	24.0	26.0	0.0522959	0.0173608820791071
17.0	16.0	22.0	23.0	0.181193	0.005172382465326002
14.0	12.0	26.0	28.0	0.0270873	0.033306139190461465
15.0	12.0	21.0	24.0	0.45386	0.002201500386302762
15.0	12.0	27.0	30.0	0.0504531	0.017986686842949712
15.0	12.0	30.0	33.0	0.0238409	0.037810465288657724
16.0	13.0	28.0	31.0	0.0499631	0.01816085750637386
20.0	16.0	32.0	36.0	0.0545956	0.01663917318224976
15.0	12.0	33.0	36.0	0.0119616	0.07513505885023737
20.0	16.0	40.0	44.0	0.0110332	0.08143825067583599
8.0	7.0	14.0	15.0	0.105081	0.008754201828755019
19.0	17.0	29.0	31.0	0.0470039	0.019289891989901657
11.0	9.0	19.0	21.0	0.122726	0.00752823972796546
8.0	3.0	33.0	38.0	0.0128836	0.0697743703543377
16.0	12.0	20.0	24.0	1.59734	0.0007882293598891136
21.0	15.0	57.0	63.0	0.0047246	0.1898765290402049
15.0	12.0	24.0	27.0	0.13004	0.007117603204689551
16.0	12.0	24.0	28.0	0.250406	0.003805542445615028
21.0	16.0	31.0	36.0	0.122207	0.00755924609288114
16.0	12.0	32.0	36.0	0.0260958	0.03456295763084023
34.0	31.0	46.0	49.0	0.0426419	0.021239877475720374
9.0	7.0	13.0	15.0	0.700827	0.001505799829498324
8.0	7.0	13.0	14.0	0.149972	0.006201846951143943
25.0	22.0	28.0	31.0	2.23905	0.0006274635078440966
16.0	12.0	40.0	44.0	0.00675792	0.13281494821646192
23.0	21.0	33.0	35.0	0.039433	0.022949798198822202
24.0	21.0	33.0	36.0	0.10155	0.009050691624790358
17.0	12.0	22.0	27.0	1.05094	0.0010798723618580263
17.0	12.0	32.0	37.0	0.0405573	0.02231990123463891
17.0	12.0	37.0	42.0	0.0162594	0.05533490478958409
24.0	19.0	34.0	39.0	0.124194	0.007441940875724074
26.0	22.0	38.0	42.0	0.0599073	0.015184007958049766
17.0	12.0	42.0	47.0	0.00781079	0.11494254713814706
18.0	12.0	42.0	48.0	0.011258	0.07981662829217884
41.0	39.0	43.0	45.0	4.4035	0.0004307646111824001
14.0	13.0	19.0	20.0	0.195176	0.00481810079186737
8.0	2.0	20.0	26.0	0.130765	0.007079401241111639
18.0	17.0	20.0	21.0	1.73163	0.0007447275462119741
15.0	13.0	21.0	23.0	0.2942	0.003272890676996354
49.0	47.0	59.0	61.0	0.0432644	0.02093754257643494
7.0	5.0	19.0	21.0	0.0292631	0.03084662642000394
20.0	17.0	23.0	26.0	2.1619	0.0006417443130592482
14.0	13.0	18.0	19.0	0.354269	0.0027564853176127134
15.0	13.0	23.0	25.0	0.127318	0.00726491499608776
15.0	13.0	27.0	29.0	0.0287431	0.03140057004023119
9.0	2.0	30.0	37.0	0.0388469	0.02329262257433448
23.0	22.0	25.0	26.0	1.56904	0.0007983468132609301
41.0	38.0	59.0	62.0	0.0143506	0.062664871634374
15.0	13.0	17.0	19.0	3.32547	0.0004967269385238019
16.0	13.0	22.0	25.0	0.470804	0.00213044941021942
16.0	13.0	25.0	28.0	0.123118	0.007504993949526015
16.0	13.0	31.0	34.0	0.0225206	0.04001382893080859
16.0	13.0	34.0	37.0	0.0117516	0.0764736537852966
21.0	17.0	41.0	45.0	0.0110923	0.08100555700585425
25.0	22.0	31.0	34.0	0.406806	0.0024298516651790458
14.0	8.0	32.0	38.0	0.0392455	0.02305835767657044
26.0	23.0	29.0	32.0	2.1369	0.0006465931364568808
41.0	40.0	43.0	44.0	2.19731	0.0006350652560315448
36.0	35.0	38.0	39.0	1.94564	0.0006878117732751441
17.0	13.0	37.0	41.0	0.0117438	0.07652429511659545
21.0	16.0	41.0	46.0	0.0149626	0.06011105062504198
17.0	13.0	41.0	45.0	0.0065427	0.13717637646489678
10.0	3.0	31.0	38.0	0.0392082	0.023080077596457887
18.0	13.0	28.0	33.0	0.144156	0.006442891686279694
17.0	13.0	33.0	37.0	0.024783	0.03638177978085062
18.0	13.0	33.0	38.0	0.0386641	0.023401673178740482
19.0	13.0	25.0	31.0	0.664474	0.0015757465887511327
19.0	17.0	27.0	29.0	0.100677	0.009127201978319245
24.0	22.0	32.0	34.0	0.0980169	0.009368738547396607
27.0	26.0	30.0	31.0	0.69468	0.0015171129848535832
19.0	13.0	31.0	37.0	0.0940426	0.009755062125531755
19.0	13.0	49.0	55.0	0.0078769	0.11397975392063177
38.0	35.0	56.0	59.0	0.0155245	0.057943593561494054
28.0	26.0	38.0	40.0	0.0459101	0.019744055194093363
29.0	26.0	38.0	41.0	0.11881	0.007768880529962794
19.0	13.0	55.0	61.0	0.00485248	0.1848786011427953
15.0	14.0	16.0	17.0	5.19744	0.0003996820815473135
15.0	14.0	21.0	22.0	0.117002	0.00788541872927662
15.0	14.0	18.0	19.0	0.79696	0.0013515796143829866
20.0	18.0	30.0	32.0	0.0462984	0.019580370026405846
16.0	14.0	18.0	20.0	3.64433	0.0004731522767894364
16.0	14.0	24.0	26.0	0.118308	0.007800880735454486
14.0	10.0	34.0	38.0	0.0141077	0.06373989374864686
19.0	18.0	22.0	23.0	0.708417	0.0014921017988075314
16.0	14.0	26.0	28.0	0.0525203	0.017287676501523776
19.0	18.0	24.0	25.0	0.194326	0.004838181441556102
17.0	14.0	23.0	26.0	0.447278	0.0022305522896363243
17.0	14.0	26.0	29.0	0.119251	0.007740991094550704
17.0	14.0	29.0	32.0	0.0468837	0.019338764523550038
21.0	17.0	33.0	37.0	0.0530582	0.01711471956182676
17.0	14.0	35.0	38.0	0.011102	0.08093497970212529
24.0	23.0	28.0	29.0	0.362487	0.0026991454470640507
25.0	23.0	33.0	35.0	0.0955904	0.009600788354870448
18.0	14.0	22.0	26.0	1.50983	0.0008207417146196278
18.0	14.0	30.0	34.0	0.0630241	0.014444336782853753
5.0	4.0	11.0	12.0	0.0511305	0.017751402268411744
18.0	14.0	34.0	38.0	0.0236483	0.03811655580155865
16.0	10.0	52.0	58.0	0.00531915	0.1686784133110923
26.0	23.0	35.0	38.0	0.104351	0.008813852894364694
28.0	27.0	33.0	34.0	0.172814	0.005412148693181514
29.0	27.0	33.0	35.0	0.848449	0.0012833507175707471
10.0	3.0	45.0	52.0	0.00820807	0.10939019697154187
19.0	14.0	24.0	29.0	0.982993	0.0011388053005567333
38.0	36.0	40.0	42.0	4.48933	0.0004268743770507314
11.0	4.0	32.0	39.0	0.0374821	0.024132478691483928
19.0	14.0	29.0	34.0	0.139917	0.006631202980110276
43.0	41.0	45.0	47.0	4.40953	0.00043048635605975416
38.0	36.0	50.0	52.0	0.0274134	0.03291264498935209
19.0	14.0	39.0	44.0	0.0155483	0.057855246403721396
25.0	22.0	34.0	37.0	0.105371	0.008730734218996306
26.0	22.0	34.0	38.0	0.197582	0.004762197421595021
7.0	4.0	16.0	19.0	0.106599	0.008632776132487254
6.0	4.0	16.0	18.0	0.0365596	0.024735672927624526
19.0	14.0	44.0	49.0	0.00776247	0.11565662930586645
20.0	14.0	44.0	50.0	0.0115527	0.07778636877797739
16.0	15.0	19.0	20.0	0.75598	0.0014125250635560465
17.0	15.0	19.0	21.0	3.50074	0.00048323697255611003
18.0	15.0	21.0	24.0	2.21071	0.0006325935441286305
17.0	15.0	21.0	23.0	0.813245	0.0013290659599737701
17.0	15.0	23.0	25.0	0.289406	0.0033233410044203712
22.0	19.0	25.0	28.0	1.80416	0.0007239256136091052
22.0	19.0	34.0	37.0	0.0353045	0.02560696344515083
21.0	15.0	27.0	33.0	0.615224	0.0016836937266928827
21.0	20.0	27.0	28.0	0.0841798	0.010871369690608791
17.0	15.0	27.0	29.0	0.0486596	0.018641264457683427
22.0	20.0	32.0	34.0	0.0376308	0.024038016120639175
17.0	15.0	29.0	31.0	0.0255526	0.03529286913399168
9.0	4.0	34.0	39.0	0.0143942	0.06247574832628725
21.0	18.0	33.0	36.0	0.0364998	0.024775826613980874
10.0	5.0	30.0	35.0	0.0327226	0.02760948734183205
27.0	24.0	45.0	48.0	0.0109183	0.08229288370557365
18.0	15.0	27.0	30.0	0.112851	0.0081671079281229
18.0	15.0	30.0	33.0	0.0432954	0.02092271379681735
18.0	15.0	33.0	36.0	0.0187557	0.04800032660403609
23.0	19.0	43.0	47.0	0.0108758	0.08261357624225171
18.0	15.0	36.0	39.0	0.0104524	0.08595083420866965
23.0	20.0	41.0	44.0	0.0101604	0.08841444548321684
12.0	6.0	42.0	48.0	0.00955863	0.09396632758254678
24.0	21.0	39.0	42.0	0.0197808	0.04552458529773211
19.0	15.0	23.0	27.0	1.49727	0.0008257199751902148
19.0	15.0	27.0	31.0	0.221923	0.004264798449914154
19.0	15.0	31.0	35.0	0.0593414	0.015326640400074419
39.0	38.0	40.0	41.0	7.78158	0.0003424321560259294
25.0	21.0	29.0	33.0	1.4678	0.0008377351277108925
14.0	11.0	17.0	20.0	2.03161	0.0006683240879983449
23.0	20.0	35.0	38.0	0.037528	0.02410324056711043
19.0	15.0	35.0	39.0	0.023316	0.03865655426873043
24.0	20.0	40.0	44.0	0.0233972	0.038523185465611516
43.0	42.0	45.0	46.0	2.29399	0.0006178794483406823
9.0	3.0	21.0	27.0	0.147633	0.006296503954657343
19.0	15.0	39.0	43.0	0.0113003	0.07951870441697799
23.0	18.0	43.0	48.0	0.0150671	0.05969571831997962
29.0	28.0	31.0	32.0	2.31607	0.0006141557711368389
19.0	15.0	43.0	47.0	0.00609997	0.14711601070828575
12.0	11.0	17.0	18.0	0.150341	0.006187182868252004
20.0	15.0	40.0	45.0	0.0152148	0.05911841941288479
20.0	15.0	45.0	50.0	0.00786278	0.11418403088666981
20.0	15.0	50.0	55.0	0.00618648	0.14506196001226523
21.0	15.0	39.0	45.0	0.0261992	0.03442744553821031
17.0	16.0	18.0	19.0	5.29654	0.00039645649965707787
17.0	16.0	23.0	24.0	0.109391	0.008418241777228832
22.0	21.0	23.0	24.0	5.67604	0.00038514578008512235
17.0	16.0	21.0	22.0	0.328192	0.0029574467157914945
18.0	16.0	20.0	22.0	3.44943	0.00048704421891658994
18.0	16.0	30.0	32.0	0.0243541	0.03701849648402013
23.0	21.0	25.0	27.0	3.06884	0.0005192587600223152
19.0	16.0	22.0	25.0	2.26744	0.0006224529975877027
19.0	16.0	31.0	34.0	0.0411264	0.022014187455455105
25.0	21.0	37.0	41.0	0.0600307	0.015153262698465288
19.0	16.0	37.0	40.0	0.0102715	0.08746058349743122
20.0	16.0	24.0	28.0	1.36093	0.0008856719561244344
8.0	5.0	14.0	17.0	0.403647	0.00244708926148999
20.0	16.0	36.0	40.0	0.0228252	0.03948288151785627
30.0	29.0	32.0	33.0	2.03955	0.0006666071209413076
20.0	16.0	44.0	48.0	0.00605611	0.14817981890417964
21.0	16.0	26.0	31.0	0.850039	0.0012813753465008744
40.0	38.0	52.0	54.0	0.0279989	0.03222914394031822
21.0	16.0	46.0	51.0	0.00837658	0.10719418832840788
30.0	29.0	34.0	35.0	0.364288	0.0026869248459130486
21.0	16.0	51.0	56.0	0.00633985	0.14155820299756386
32.0	31.0	37.0	38.0	0.237545	0.0039992739596034265
10.0	7.0	22.0	25.0	0.0800672	0.011418096158084735
18.0	17.0	19.0	20.0	5.57076	0.00038812911588020487
18.0	17.0	24.0	25.0	0.106886	0.008610206520129947
23.0	22.0	24.0	25.0	6.23001	0.0003711089767947222
18.0	17.0	21.0	22.0	0.681801	0.0015414773933483353
19.0	17.0	21.0	23.0	3.38062	0.0004923313980373933
21.0	17.0	25.0	29.0	1.21824	0.0009627873451358907
19.0	17.0	25.0	27.0	0.244757	0.003888128721207299
24.0	22.0	30.0	32.0	0.284865	0.0033726948544333993
20.0	17.0	29.0	32.0	0.109413	0.008416594797246161
20.0	17.0	35.0	38.0	0.0187718	0.047959353125246226
24.0	23.0	29.0	30.0	0.195453	0.004811594595397683
40.0	39.0	44.0	45.0	0.422385	0.0023486135386633004
20.0	17.0	38.0	41.0	0.010291	0.08729528864798454
23.0	22.0	29.0	30.0	0.100245	0.009165555647627503
21.0	17.0	29.0	33.0	0.202906	0.004643207017689591
40.0	39.0	43.0	44.0	0.93506	0.0011855315437979386
22.0	17.0	37.0	42.0	0.0353639	0.025564333734532006
21.0	17.0	37.0	41.0	0.0221211	0.04073236118224595
11.0	7.0	31.0	35.0	0.0225922	0.039887736011416576
24.0	22.0	28.0	30.0	0.83436	0.00130118341784404
30.0	26.0	50.0	54.0	0.0189883	0.0474151236538844
7.0	2.0	32.0	37.0	0.0118225	0.07601640130436456
22.0	17.0	27.0	32.0	0.855116	0.001275117002406417
41.0	39.0	53.0	55.0	0.026725	0.03375457580067265
22.0	17.0	47.0	52.0	0.00891958	0.10068233151340784
22.0	17.0	52.0	57.0	0.00655523	0.13691460500913358
15.0	10.0	40.0	45.0	0.00891062	0.10078334325055438
19.0	18.0	23.0	24.0	0.369169	0.0026544045210235806
20.0	18.0	32.0	34.0	0.021722	0.04147656408215208
21.0	18.0	24.0	27.0	1.94805	0.00068724204127218
21.0	18.0	36.0	39.0	0.01847	0.04873929561428741
21.0	18.0	39.0	42.0	0.0101252	0.08872102589681864
22.0	18.0	42.0	46.0	0.0107282	0.08374705775805029
7.0	3.0	15.0	19.0	0.198554	0.0047399972461997725
23.0	20.0	38.0	41.0	0.018099	0.04973371273464857
22.0	18.0	46.0	50.0	0.00648454	0.13840467624944625
30.0	27.0	39.0	42.0	0.124372	0.007431615332054523
23.0	18.0	33.0	38.0	0.118179	0.0078091478022277346
23.0	18.0	38.0	43.0	0.036431	0.024822186570465202
23.0	18.0	48.0	53.0	0.0100575	0.08931670336853288
23.0	18.0	53.0	58.0	0.00673465	0.133273073715658
26.0	23.0	44.0	47.0	0.0110671	0.0811894906851544
20.0	19.0	24.0	25.0	0.325429	0.0029806266821501984
20.0	19.0	25.0	26.0	0.151521	0.006140768985232252
21.0	19.0	27.0	29.0	0.22306	0.004244218106812401
20.0	15.0	25.0	30.0	0.884064	0.0012408065863878113
21.0	20.0	25.0	26.0	0.267094	0.003581973444365888
21.0	19.0	29.0	31.0	0.0909877	0.010074955939940825
20.0	19.0	26.0	27.0	0.0869669	0.01053024996733869
21.0	19.0	31.0	33.0	0.0410454	0.0220571822610816
21.0	19.0	33.0	35.0	0.0198615	0.04534053615590586
21.0	20.0	26.0	27.0	0.144121	0.006444401155330481
31.0	28.0	46.0	49.0	0.022575	0.03991795349692293
22.0	19.0	28.0	31.0	0.353761	0.0027601172417335497
22.0	19.0	37.0	40.0	0.0176405	0.05102045044205336
22.0	19.0	40.0	43.0	0.0097018	0.09258301535773626
23.0	19.0	47.0	51.0	0.00730019	0.12296612079745764
24.0	19.0	29.0	34.0	0.953779	0.0011667248883650684
24.0	19.0	39.0	44.0	0.038009	0.023801092812367586
24.0	19.0	54.0	59.0	0.00725239	0.12377508395163547
22.0	20.0	24.0	26.0	3.06318	0.0005197982530369134
21.0	20.0	24.0	25.0	0.623293	0.0016648394291915777
23.0	20.0	26.0	29.0	1.95116	0.0006865089069294755
22.0	20.0	26.0	28.0	0.665931	0.001572796273082465
22.0	20.0	28.0	30.0	0.226315	0.004186444149795843
22.0	20.0	34.0	36.0	0.0193114	0.04662562158494558
23.0	20.0	32.0	35.0	0.0946525	0.009693669235903347
25.0	24.0	30.0	31.0	0.193849	0.004849527370552383
26.0	24.0	30.0	32.0	0.795596	0.0013535071455699228
24.0	20.0	28.0	32.0	1.4378	0.0008504722714733285
24.0	20.0	48.0	52.0	0.00831058	0.10804368566011152
10.0	4.0	46.0	52.0	0.0062283	0.14408946574331502
25.0	20.0	30.0	35.0	0.966285	0.001154566343854756
39.0	37.0	41.0	43.0	4.78358	0.0004145972130260735
38.0	37.0	41.0	42.0	0.960494	0.0011601570907253736
25.0	20.0	35.0	40.0	0.130005	0.007119458218667572
25.0	20.0	40.0	45.0	0.0387141	0.02337174301518971
18.0	16.0	24.0	26.0	0.261015	0.0036601036025786324
22.0	21.0	24.0	25.0	1.59861	0.0007877837241768581
22.0	21.0	25.0	26.0	0.578821	0.0017752895743289967
18.0	16.0	26.0	28.0	0.096937	0.009470576383299234
23.0	21.0	31.0	33.0	0.0955143	0.009608256592690007
22.0	21.0	26.0	27.0	0.282766	0.0033960435335131374
22.0	21.0	27.0	28.0	0.154737	0.006017865217121693
23.0	21.0	27.0	29.0	0.743671	0.0014321427495133808
26.0	25.0	30.0	31.0	0.321407	0.0030150812369049494
23.0	21.0	29.0	31.0	0.249982	0.0038116116050440577
23.0	21.0	35.0	37.0	0.0214951	0.04191198709169042
31.0	30.0	33.0	34.0	2.06051	0.0006621382444323291
26.0	25.0	28.0	29.0	1.47121	0.0008363202171570273
8.0	3.0	28.0	33.0	0.0282456	0.031949636396356194
25.0	21.0	33.0	37.0	0.202384	0.004654596804544368
12.0	5.0	47.0	54.0	0.00901177	0.09965468093869619
26.0	21.0	31.0	36.0	0.897786	0.0012253156725342534
16.0	12.0	28.0	32.0	0.0718828	0.01269225443142431
26.0	21.0	51.0	56.0	0.0127148	0.07069766822697576
11.0	7.0	35.0	39.0	0.0121682	0.07386322359012347
25.0	22.0	37.0	40.0	0.0434117	0.020867270719957816
25.0	22.0	40.0	43.0	0.0207188	0.04347384556017117
26.0	23.0	38.0	41.0	0.0416988	0.021715118364009887
30.0	26.0	42.0	46.0	0.0633365	0.014374212816803513
16.0	13.0	19.0	22.0	2.43279	0.0005955946102882302
26.0	22.0	42.0	46.0	0.0243249	0.037062661242676126
26.0	22.0	50.0	54.0	0.0102268	0.08784186878563728
10.0	3.0	17.0	24.0	0.625953	0.0016587305178749933
27.0	22.0	37.0	42.0	0.131708	0.007030341621314425
27.0	22.0	42.0	47.0	0.039197	0.023086607465139058
27.0	22.0	47.0	52.0	0.0202847	0.044399337747960274
27.0	22.0	52.0	57.0	0.0135811	0.06620256165409728
24.0	23.0	26.0	27.0	1.71183	0.0007507125663281058
16.0	11.0	46.0	51.0	0.00518893	0.17290581775891217
25.0	24.0	29.0	30.0	0.344157	0.0028307980894715554
26.0	23.0	32.0	35.0	0.356239	0.002742498858815164
25.0	23.0	27.0	29.0	3.4012	0.0004907276615796026
18.0	14.0	42.0	46.0	0.00621763	0.14433634589778344
28.0	27.0	30.0	31.0	1.91883	0.0006942462611447318
25.0	23.0	31.0	33.0	0.273201	0.0035069844271720246
30.0	27.0	33.0	36.0	2.39269	0.0006017672293367476
25.0	23.0	35.0	37.0	0.0458124	0.01978567685815123
26.0	24.0	38.0	40.0	0.0232401	0.03878206067533008
30.0	27.0	42.0	45.0	0.0451662	0.020065501859785367
25.0	23.0	37.0	39.0	0.024929	0.03617003618702443
26.0	23.0	41.0	44.0	0.0204506	0.04404100384392727
27.0	23.0	35.0	39.0	0.202129	0.004660182169250356
11.0	4.0	18.0	25.0	0.639425	0.00162857152078478
28.0	23.0	38.0	43.0	0.134085	0.006909740043688082
27.0	23.0	43.0	47.0	0.0241051	0.037398541011515324
28.0	23.0	43.0	48.0	0.0394623	0.022932927170040435
51.0	50.0	54.0	55.0	0.721741	0.0014687521457949007
28.0	23.0	48.0	53.0	0.022198	0.04059204042093186
28.0	23.0	58.0	63.0	0.00786535	0.1141467955654663
25.0	24.0	26.0	27.0	6.10682	0.0003740102441459075
25.0	24.0	31.0	32.0	0.10929	0.008425811422253843
5.0	1.0	15.0	20.0	0.125492	0.007367317619583138
27.0	25.0	29.0	31.0	3.18063	0.0005089967669396861
26.0	25.0	29.0	30.0	0.618055	0.0016770226545887031
26.0	24.0	32.0	34.0	0.228492	0.004148722537340554
25.0	24.0	27.0	28.0	1.63322	0.0007759060736500862
25.0	24.0	28.0	29.0	0.688916	0.0015279046649740288
26.0	24.0	34.0	36.0	0.085914	0.010656515657003318
17.0	11.0	53.0	59.0	0.00496786	0.18059002040413308
27.0	24.0	36.0	39.0	0.104964	0.00876370650768016
26.0	24.0	36.0	38.0	0.0437668	0.020699809117256822
5.0	4.0	8.0	9.0	0.397888	0.0024792185173245548
27.0	24.0	33.0	36.0	0.339191	0.002868915373315663
27.0	24.0	39.0	42.0	0.0408657	0.02215317553434068
28.0	24.0	36.0	40.0	0.212396	0.004445900628870372
28.0	24.0	40.0	44.0	0.0592022	0.015362142967426858
38.0	37.0	40.0	41.0	2.22854	0.0006293507805065592
28.0	24.0	52.0	56.0	0.0108923	0.08248877488860686
6.0	1.0	12.0	18.0	0.46826	0.0021407890655226274
28.0	25.0	31.0	34.0	2.20262	0.0006340821966115035
27.0	25.0	31.0	33.0	0.756303	0.0014120188747326616
27.0	25.0	33.0	35.0	0.215783	0.00437968388897436
29.0	25.0	33.0	37.0	1.42913	0.0008542529090000696
29.0	25.0	37.0	41.0	0.230152	0.004120438689361789
53.0	52.0	55.0	56.0	1.5253	0.0008147227311365847
13.0	6.0	34.0	41.0	0.0339034	0.02665581004077356
7.0	1.0	35.0	42.0	0.0139405	0.06450165322413447
28.0	26.0	30.0	32.0	3.7515	0.00046612856403117827
29.0	26.0	32.0	35.0	2.33742	0.0006106221042975583
34.0	31.0	40.0	43.0	0.443409	0.002248031944254423
29.0	26.0	35.0	38.0	0.415227	0.002385182597242262
9.0	7.0	11.0	13.0	2.5907	0.0005731452461190342
29.0	26.0	44.0	47.0	0.0207606	0.04338677167127921
30.0	26.0	46.0	50.0	0.0274343	0.03288774462750816
40.0	39.0	42.0	43.0	2.45171	0.0005927523518126119
30.0	26.0	54.0	58.0	0.0118433	0.07588329536324874
42.0	41.0	47.0	48.0	0.185864	0.005048105874585117
28.0	27.0	29.0	30.0	6.39713	0.00036735172184354276
15.0	10.0	25.0	30.0	0.161586	0.005772425172125612
29.0	27.0	31.0	33.0	4.30055	0.000435635637853443
28.0	27.0	31.0	32.0	0.795746	0.0013532948502782253
14.0	10.0	26.0	30.0	0.0747125	0.012220149758633917
28.0	27.0	32.0	33.0	0.340701	0.0028572075710950103
33.0	32.0	34.0	35.0	5.96283	0.0003775533240215488
10.0	8.0	14.0	16.0	0.76476	0.0013989176619115247
11.0	8.0	14.0	17.0	1.79682	0.0007259543825881674
28.0	27.0	34.0	35.0	0.091346	0.010036328960788944
34.0	32.0	40.0	42.0	0.2883	0.0033352183423337512
12.0	8.0	20.0	24.0	0.281512	0.0034101588166644214
16.0	10.0	34.0	40.0	0.0320591	0.028176193531389997
29.0	27.0	35.0	37.0	0.276587	0.0034668341022771956
34.0	32.0	42.0	44.0	0.102553	0.008964395996612844
29.0	27.0	37.0	39.0	0.114051	0.00808356823121047
9.0	4.0	19.0	24.0	0.198225	0.004747487128436914
30.0	27.0	36.0	39.0	0.461644	0.002168212219295698
