63# Number of electrodes
# x z
0.0	142.095
4.0	142.213
6.0	142.427
8.0	142.645
10.0	142.69
12.0	142.73
14.0	142.835
16.0	142.88
18.0	142.86
20.0	142.785
22.0	142.73
24.0	142.733
26.0	142.775
28.0	142.86
30.0	142.9
32.0	142.9
34.0	142.955
36.0	142.96
38.0	142.955
40.0	142.9
42.0	142.955
44.0	142.843
46.0	142.845
48.0	142.88
50.0	142.93
52.0	142.91
54.0	142.9
56.0	142.895
58.0	142.885
60.0	142.95
62.0	142.938
64.0	142.937
66.0	142.91
68.0	142.847
70.0	142.855
72.0	142.857
74.0	142.88
76.0	142.91
78.0	142.903
80.0	142.98
82.0	142.965
84.0	142.96
86.0	143.017
88.0	143.04
90.0	143.06
92.0	143.0
94.0	142.99
96.0	142.98
98.0	142.92
100.0	142.88
102.0	142.893
104.0	142.91
106.0	142.92
108.0	142.95
110.0	142.965
112.0	143.03
114.0	143.095
116.0	143.155
118.0	143.17
120.0	143.255
122.0	143.28
124.0	143.37
126.0	143.264
1321# Number of data
# a b m n rho err
54.0	63.0	59.0	60.0	1.3741	0.018060604580027725
54.0	63.0	58.0	59.0	1.39957	0.017747756897231216
54.0	63.0	57.0	58.0	1.58625	0.015761440195433324
53.0	62.0	59.0	60.0	2.04746	0.01240693386295477
53.0	62.0	58.0	59.0	1.48514	0.01677528631193776
53.0	62.0	57.0	58.0	1.26024	0.01961376581249332
53.0	62.0	56.0	57.0	1.82721	0.013797619565365873
52.0	61.0	59.0	60.0	5.89605	0.004876118059665612
52.0	61.0	58.0	59.0	2.44412	0.010534539095773362
52.0	61.0	56.0	57.0	1.49627	0.0166569726864879
52.0	61.0	55.0	56.0	1.93029	0.013107252050261413
51.0	60.0	58.0	59.0	6.40164	0.004559698711163977
51.0	60.0	56.0	57.0	1.72805	0.014539456944315481
51.0	60.0	55.0	56.0	1.57229	0.015893660481640943
51.0	60.0	54.0	55.0	1.89878	0.013310332518347916
50.0	59.0	56.0	57.0	2.86318	0.0091199770736289
50.0	59.0	55.0	56.0	1.77344	0.01418958884908523
50.0	59.0	51.0	52.0	11.4222	0.002937783616605557
49.0	58.0	50.0	51.0	12.9505	0.0026937277348770246
53.0	62.0	60.0	61.0	5.04773	0.005549434770980484
53.0	62.0	55.0	56.0	3.29643	0.008035643203067657
48.0	57.0	55.0	56.0	7.31936	0.004097037806780969
48.0	57.0	51.0	52.0	2.0132	0.012603270782559134
48.0	57.0	50.0	51.0	4.36372	0.006282979194960245
48.0	57.0	49.0	50.0	12.2944	0.0027910681344552614
52.0	61.0	54.0	55.0	3.20564	0.008238596621907368
47.0	56.0	54.0	55.0	7.40451	0.004059924283755277
47.0	56.0	52.0	53.0	1.82797	0.013792244632713887
47.0	56.0	50.0	51.0	2.32119	0.011046387823201291
47.0	56.0	49.0	50.0	4.09288	0.0066411942870601
52.0	61.0	53.0	54.0	8.94034	0.0035118874490503173
47.0	56.0	53.0	54.0	2.8716	0.009095785926819857
47.0	56.0	48.0	49.0	13.7523	0.0025873817396359472
46.0	55.0	51.0	52.0	1.84599	0.013666098674338958
46.0	55.0	50.0	51.0	1.80738	0.01393946055105131
46.0	55.0	49.0	50.0	2.06092	0.012331583480313338
51.0	60.0	53.0	54.0	3.5223	0.007576122256135269
46.0	55.0	53.0	54.0	7.90154	0.003859250103343783
46.0	55.0	48.0	49.0	4.34211	0.006309920214779049
51.0	60.0	52.0	53.0	11.909	0.0028532474644708226
46.0	55.0	52.0	53.0	3.17199	0.008316769386740239
46.0	55.0	47.0	48.0	13.6939	0.0025947070717478957
45.0	63.0	59.0	61.0	2.70872	0.009590434389398817
45.0	63.0	55.0	57.0	0.663279	0.036483700989909155
45.0	63.0	51.0	53.0	0.649849	0.03721971193432853
45.0	63.0	49.0	51.0	1.42126	0.01749017914092815
45.0	63.0	47.0	49.0	5.78051	0.0049561976809437734
45.0	54.0	48.0	49.0	2.14306	0.011892268314150783
45.0	54.0	52.0	53.0	8.37881	0.003688960939425253
45.0	54.0	47.0	48.0	4.30697	0.006354306219095355
45.0	54.0	51.0	52.0	3.12061	0.00843938330092279
45.0	54.0	46.0	47.0	13.5195	0.00261695941038112
44.0	62.0	58.0	60.0	2.83815	0.009192737262054822
44.0	62.0	56.0	58.0	1.07914	0.022759372081381582
44.0	62.0	54.0	56.0	0.626012	0.03860383098184946
44.0	53.0	49.0	50.0	1.85273	0.013619546991999085
44.0	53.0	48.0	49.0	1.59279	0.01570029468781173
44.0	53.0	47.0	48.0	2.10009	0.012117801304568422
43.0	61.0	53.0	55.0	0.615244	0.039264253637984206
43.0	61.0	49.0	51.0	0.637053	0.03794984694402401
43.0	52.0	49.0	50.0	3.6215	0.007392420291139873
43.0	52.0	47.0	48.0	1.6045	0.015592057720513884
43.0	52.0	46.0	47.0	2.17132	0.011748808271200306
42.0	60.0	54.0	56.0	1.2492	0.01977941938250004
42.0	60.0	48.0	50.0	0.596864	0.04044658632642791
42.0	60.0	44.0	46.0	5.85025	0.004907483172693763
41.0	59.0	55.0	57.0	3.92929	0.006881481477671961
41.0	59.0	53.0	55.0	1.22645	0.020130184614893916
41.0	59.0	51.0	53.0	0.628993	0.03842499682663897
41.0	59.0	49.0	51.0	0.488556	0.04922038696332112
41.0	59.0	45.0	47.0	1.42371	0.017461577695771956
41.0	59.0	43.0	45.0	5.85008	0.004907600508254455
41.0	50.0	48.0	49.0	12.3646	0.002780159593563969
41.0	50.0	46.0	47.0	2.16964	0.011757232200864212
41.0	50.0	45.0	46.0	1.7272	0.014546184184814764
40.0	58.0	54.0	56.0	4.08064	0.006658506041602612
40.0	58.0	48.0	50.0	0.452503	0.05307270874653899
40.0	58.0	46.0	48.0	0.591445	0.04080920182571081
40.0	58.0	44.0	46.0	1.48728	0.01675240027459911
40.0	58.0	42.0	44.0	6.17518	0.004695020458177972
40.0	49.0	47.0	48.0	12.2332	0.0028006802939672744
40.0	49.0	46.0	47.0	4.18876	0.00650908586719962
40.0	49.0	45.0	46.0	2.14813	0.011866252942731744
40.0	49.0	44.0	45.0	1.75528	0.01432739541232497
40.0	49.0	43.0	44.0	2.30002	0.011140056744014769
40.0	49.0	42.0	43.0	4.57733	0.006030358199523873
44.0	62.0	46.0	48.0	5.74181	0.004983740789438515
39.0	57.0	51.0	53.0	1.2677	0.019503463138944476
39.0	57.0	49.0	51.0	0.648328	0.0373049903145438
44.0	62.0	50.0	52.0	0.663394	0.03647752726867393
39.0	57.0	45.0	47.0	0.58787	0.041052084952650385
44.0	53.0	50.0	51.0	3.79209	0.0070989910398572735
44.0	53.0	45.0	46.0	13.0102	0.0026853578249555385
39.0	48.0	45.0	46.0	4.30408	0.0063579888875613996
39.0	48.0	40.0	41.0	11.9495	0.0028465247145486395
43.0	61.0	47.0	49.0	1.38275	0.017953064324843004
38.0	56.0	52.0	54.0	4.00116	0.00677349618606431
43.0	61.0	45.0	47.0	5.80611	0.004938179725404197
38.0	56.0	50.0	52.0	1.35768	0.01826851408994371
38.0	56.0	48.0	50.0	0.596289	0.040484750215404694
43.0	61.0	51.0	53.0	0.494044	0.04868329199458972
38.0	56.0	46.0	48.0	0.427446	0.056132862973448085
38.0	56.0	44.0	46.0	0.595435	0.04054156791885619
38.0	56.0	40.0	42.0	5.9556	0.0048360579578490175
43.0	52.0	50.0	51.0	11.8881	0.002856734653608458
43.0	52.0	45.0	46.0	4.31743	0.0063410184676786375
38.0	47.0	45.0	46.0	13.6756	0.0025970153837519094
43.0	52.0	44.0	45.0	12.4273	0.0027705206896946255
38.0	47.0	44.0	45.0	4.35222	0.0062972828519145384
38.0	47.0	43.0	44.0	2.15829	0.011814487454905535
38.0	47.0	41.0	42.0	2.40099	0.010708152616407708
38.0	47.0	40.0	41.0	4.26535	0.006407823312408464
52.0	61.0	57.0	58.0	1.451	0.01714952240539206
38.0	47.0	39.0	40.0	11.7634	0.0028777985204630993
42.0	60.0	46.0	48.0	1.39965	0.017746792195904602
37.0	55.0	51.0	53.0	4.30674	0.006354599122417345
37.0	55.0	49.0	51.0	1.43964	0.017277984197401036
42.0	60.0	50.0	52.0	0.505464	0.047603034702189524
37.0	55.0	45.0	47.0	0.432558	0.05547975918760801
37.0	55.0	43.0	45.0	0.604525	0.03994503801396899
37.0	55.0	41.0	43.0	1.54733	0.016136012111575955
37.0	55.0	39.0	41.0	5.81221	0.004933909800470079
42.0	51.0	44.0	45.0	4.33036	0.006324681698255893
37.0	46.0	44.0	45.0	13.5586	0.0026119207134080065
37.0	46.0	40.0	41.0	2.22985	0.011463249171541606
51.0	60.0	57.0	58.0	2.34359	0.010949119225859298
37.0	46.0	39.0	40.0	4.29851	0.006365100594974541
42.0	51.0	43.0	44.0	12.2519	0.002797733057046767
37.0	46.0	43.0	44.0	4.26562	0.006407472767318439
37.0	46.0	38.0	39.0	11.0804	0.003001578202322886
36.0	63.0	54.0	57.0	0.721128	0.03362674064802817
36.0	63.0	51.0	54.0	0.346667	0.06901006991422841
36.0	63.0	48.0	51.0	0.256126	0.09309781129005582
36.0	63.0	45.0	48.0	0.275491	0.08661485071118023
36.0	54.0	48.0	50.0	1.29498	0.01911092507465274
36.0	54.0	44.0	46.0	0.436294	0.0550121314749928
36.0	54.0	40.0	42.0	1.49743	0.01664474291188302
36.0	54.0	38.0	40.0	5.52464	0.005145460886190244
36.0	45.0	41.0	42.0	2.27635	0.011246850182430929
36.0	45.0	40.0	41.0	1.73412	0.014491608237850041
36.0	45.0	39.0	40.0	2.28064	0.011227330242391689
41.0	50.0	42.0	43.0	12.4099	0.00277318583655758
36.0	45.0	42.0	43.0	4.28847	0.00637796620422581
36.0	45.0	37.0	38.0	10.0541	0.0032191951185559344
35.0	62.0	56.0	59.0	2.03504	0.012477346430666305
35.0	62.0	53.0	56.0	0.673863	0.035924331293846944
35.0	62.0	47.0	50.0	0.228938	0.10405054859976903
35.0	62.0	44.0	47.0	0.279402	0.08541461138644185
35.0	53.0	49.0	51.0	4.94144	0.005650095419920631
35.0	53.0	47.0	49.0	1.27176	0.019443976238043344
35.0	53.0	41.0	43.0	0.659962	0.03666269860975245
35.0	53.0	39.0	41.0	1.54548	0.016154286479115054
35.0	53.0	37.0	39.0	5.42479	0.005224161499512777
35.0	44.0	39.0	40.0	1.87838	0.013445442994757835
35.0	44.0	38.0	39.0	2.25725	0.01133465768594791
35.0	44.0	41.0	42.0	4.35006	0.006299977888254409
35.0	44.0	36.0	37.0	9.23616	0.0034272623847368716
34.0	61.0	52.0	55.0	0.676058	0.035810517232979774
34.0	61.0	49.0	52.0	0.332759	0.07185806562782654
34.0	61.0	37.0	40.0	3.40781	0.007801433467014999
34.0	52.0	48.0	50.0	4.91072	0.005680000121623607
34.0	52.0	46.0	48.0	1.30787	0.01893114471694696
34.0	43.0	39.0	40.0	2.43344	0.010576956593700268
34.0	43.0	38.0	39.0	1.89109	0.013360921560321232
33.0	60.0	54.0	57.0	2.42953	0.010592579103677401
33.0	60.0	48.0	51.0	0.324085	0.07375803954390785
33.0	60.0	42.0	45.0	0.300598	0.07945311513008364
33.0	51.0	45.0	47.0	1.34857	0.01838604833558459
33.0	51.0	43.0	45.0	0.602716	0.04006231925219632
33.0	51.0	39.0	41.0	0.699005	0.03466347703222932
33.0	42.0	39.0	40.0	4.66105	0.005937664504182076
33.0	42.0	37.0	38.0	1.90273	0.013284506215267153
33.0	42.0	36.0	37.0	2.28099	0.011225740946034662
32.0	59.0	53.0	56.0	2.47029	0.010432150822364272
32.0	59.0	47.0	50.0	0.294955	0.08095655188347847
32.0	59.0	44.0	47.0	0.22083	0.10783893915354226
32.0	59.0	38.0	41.0	0.776689	0.031283442752315364
32.0	50.0	34.0	36.0	5.22523	0.00539046527729049
32.0	41.0	39.0	40.0	13.6889	0.002595337145319173
32.0	41.0	36.0	37.0	1.91254	0.013220826915863498
31.0	58.0	52.0	55.0	2.51695	0.010254879220990797
31.0	58.0	43.0	46.0	0.223293	0.1066590310257999
31.0	58.0	37.0	40.0	0.769172	0.031580671554616524
31.0	49.0	45.0	47.0	5.6095	0.005080777633107777
31.0	49.0	43.0	45.0	1.38694	0.01790145482571937
31.0	49.0	39.0	41.0	0.489164	0.0491602901142279
31.0	49.0	35.0	37.0	1.52954	0.016313573742433217
31.0	40.0	37.0	38.0	4.43431	0.00619680500362483
31.0	40.0	36.0	37.0	2.35978	0.010879966284287291
31.0	40.0	34.0	35.0	2.0885	0.012180221914989797
30.0	57.0	51.0	54.0	2.44678	0.010524032037235058
30.0	57.0	48.0	51.0	0.693027	0.03495497963413878
30.0	57.0	42.0	45.0	0.226678	0.10507927087643897
30.0	57.0	36.0	39.0	0.734502	0.03303029216349004
30.0	57.0	33.0	36.0	2.98949	0.008771391876695362
54.0	63.0	61.0	62.0	5.59737	0.0050899034047004734
54.0	63.0	56.0	57.0	3.06511	0.008576447610960158
49.0	58.0	56.0	57.0	7.75063	0.003917458579914318
30.0	48.0	44.0	46.0	5.76629	0.004966275206803764
49.0	58.0	52.0	53.0	2.03335	0.01248699401484301
30.0	48.0	40.0	42.0	0.618885	0.03903837232833465
30.0	48.0	38.0	40.0	0.48918	0.0491587106355619
49.0	58.0	51.0	52.0	3.85529	0.006996873968214641
30.0	48.0	34.0	36.0	1.39519	0.01780074313609177
30.0	39.0	37.0	38.0	11.8783	0.002858374021022781
30.0	39.0	36.0	37.0	4.35495	0.0062938804501455545
30.0	39.0	35.0	36.0	2.16624	0.011774320609827992
30.0	39.0	34.0	35.0	1.67552	0.014968023663330566
30.0	39.0	33.0	34.0	2.17722	0.011719327229446878
30.0	39.0	32.0	33.0	3.99075	0.006788896417613958
30.0	39.0	31.0	32.0	11.8291	0.0028666453648059378
29.0	56.0	47.0	50.0	0.645027	0.037491452089476934
29.0	56.0	32.0	35.0	2.94921	0.008879312295252299
43.0	61.0	57.0	59.0	3.23097	0.008180826341221975
29.0	47.0	39.0	41.0	0.614697	0.039298419769452794
34.0	52.0	42.0	44.0	0.467269	0.051423060333314057
29.0	47.0	37.0	39.0	0.471038	0.051018558787623784
34.0	52.0	40.0	42.0	0.679695	0.03562355140739637
29.0	47.0	35.0	37.0	0.626226	0.03859093611143421
34.0	43.0	40.0	41.0	4.22186	0.006464872290355121
34.0	43.0	35.0	36.0	9.24374	0.003425165150212425
29.0	38.0	35.0	36.0	3.90623	0.006916971344596151
29.0	38.0	33.0	34.0	1.77211	0.014199585658830156
28.0	55.0	31.0	34.0	2.88109	0.00906869010020037
33.0	51.0	37.0	39.0	1.65807	0.015116398384401767
28.0	46.0	42.0	44.0	5.73003	0.004992198572458363
42.0	60.0	56.0	58.0	3.36571	0.00788813903583874
28.0	46.0	38.0	40.0	0.62727	0.03852815458822479
33.0	51.0	41.0	43.0	0.489588	0.04911846881058784
28.0	46.0	36.0	38.0	0.45366	0.05293957186825403
28.0	46.0	34.0	36.0	0.567685	0.04248083743772136
28.0	46.0	32.0	34.0	1.30365	0.018989610776680373
28.0	37.0	33.0	34.0	2.21208	0.01154834884843384
28.0	37.0	31.0	32.0	2.22869	0.011468762954126556
28.0	37.0	30.0	31.0	3.81014	0.007069480673686748
42.0	51.0	47.0	48.0	1.98317	0.01278094541609003
28.0	37.0	29.0	30.0	9.61542	0.0033263848881464786
27.0	63.0	55.0	59.0	1.54697	0.016139564779585194
27.0	63.0	51.0	55.0	0.449601	0.05340965888466059
27.0	63.0	47.0	51.0	0.212651	0.1119531985375936
27.0	63.0	43.0	47.0	0.148877	0.15953770631724573
27.0	63.0	39.0	43.0	0.188577	0.1261342706804579
27.0	63.0	35.0	39.0	0.379338	0.06314138845699682
27.0	63.0	31.0	35.0	1.72667	0.01455038216958636
27.0	54.0	48.0	51.0	2.86379	0.009118219728843649
27.0	54.0	42.0	45.0	0.295687	0.08075828962484734
27.0	54.0	39.0	42.0	0.236923	0.10057305151364952
27.0	54.0	30.0	33.0	2.8352	0.00920139730275256
27.0	45.0	39.0	41.0	1.44325	0.017236942180695044
32.0	50.0	40.0	42.0	0.496029	0.04849195243244022
27.0	45.0	35.0	37.0	0.438982	0.05468060342969395
27.0	45.0	33.0	35.0	0.565676	0.04262861950126053
27.0	45.0	31.0	33.0	1.35597	0.018290455552385124
27.0	45.0	29.0	31.0	4.58909	0.006017133509999581
32.0	41.0	34.0	35.0	3.76856	0.007137885237686314
27.0	36.0	34.0	35.0	9.04208	0.0034821580373779865
27.0	36.0	30.0	31.0	2.12461	0.011987987672992034
41.0	50.0	47.0	48.0	4.03479	0.00672428804318268
27.0	36.0	29.0	30.0	3.3499	0.00792126284668911
26.0	62.0	54.0	58.0	1.49178	0.016704489636226356
26.0	62.0	50.0	54.0	0.432035	0.05554586739349986
26.0	62.0	46.0	50.0	0.190289	0.1250072852124102
26.0	62.0	42.0	46.0	0.148842	0.1595750168886729
26.0	62.0	38.0	42.0	0.189328	0.12563738860601859
26.0	62.0	34.0	38.0	0.374366	0.06396842620582631
26.0	62.0	30.0	34.0	1.80459	0.013959667146499892
26.0	53.0	47.0	50.0	2.63133	0.009846919628994534
26.0	53.0	44.0	47.0	0.631296	0.038287993204242324
26.0	53.0	41.0	44.0	0.301277	0.07927600856042273
26.0	53.0	38.0	41.0	0.237368	0.10038613503993603
26.0	53.0	35.0	38.0	0.297993	0.08014007685516845
11.0	20.0	15.0	16.0	1.65647	0.015130159400668525
11.0	20.0	14.0	15.0	1.76743	0.01423488201851307
10.0	55.0	35.0	40.0	0.174689	0.13609296469433
16.0	25.0	18.0	19.0	3.64832	0.007344469660649847
16.0	25.0	23.0	24.0	9.76272	0.003289318470382582
21.0	30.0	23.0	24.0	3.41087	0.007795214792188709
17.0	26.0	21.0	22.0	1.54785	0.016130883397496337
10.0	55.0	20.0	25.0	0.379479	0.06311825066156355
14.0	32.0	16.0	18.0	4.08585	0.0066511245524790725
18.0	54.0	22.0	26.0	2.01307	0.01260402851261783
29.0	47.0	43.0	45.0	5.78279	0.0049545864854787704
10.0	37.0	31.0	34.0	3.38204	0.007854250897302118
11.0	38.0	29.0	32.0	0.830825	0.02930170394140637
16.0	52.0	44.0	48.0	1.72683	0.014549114581886836
23.0	50.0	26.0	29.0	2.64131	0.009812999865890393
10.0	37.0	19.0	22.0	0.357199	0.06700095362001143
29.0	38.0	34.0	35.0	2.08732	0.01218661595655743
10.0	28.0	22.0	24.0	1.47045	0.016934185288776923
18.0	36.0	22.0	24.0	1.51347	0.016477556499109595
43.0	52.0	48.0	49.0	1.97563	0.012826404716867001
10.0	28.0	18.0	20.0	0.519722	0.04632095731160281
7.0	25.0	9.0	11.0	3.71977	0.007220101221577828
15.0	42.0	33.0	36.0	0.663032	0.036496968309125744
10.0	28.0	12.0	14.0	3.3814	0.007855572867448925
16.0	43.0	25.0	28.0	0.352411	0.06789943982499563
10.0	19.0	17.0	18.0	9.00523	0.003492848372002769
11.0	56.0	31.0	36.0	0.156558	0.15175318605076152
31.0	58.0	40.0	43.0	0.311922	0.07660022708496789
10.0	19.0	15.0	16.0	2.15167	0.011848161050214275
15.0	33.0	19.0	21.0	1.55961	0.016015808816814508
12.0	57.0	27.0	32.0	0.207945	0.11446712733664369
18.0	27.0	20.0	21.0	3.61897	0.007396980282403866
10.0	19.0	13.0	14.0	1.62442	0.01541151987861518
5.0	41.0	9.0	13.0	1.35996	0.01823934463905134
9.0	63.0	45.0	51.0	0.235643	0.10111463469030979
1.0	54.0	42.0	48.0	0.843363	0.028879014764701137
9.0	18.0	15.0	16.0	3.65622	0.007330479625382303
9.0	63.0	33.0	39.0	0.122329	0.19397204420022673
2.0	47.0	37.0	42.0	1.23291	0.020029266702671078
27.0	54.0	36.0	39.0	0.300101	0.07958325783273212
11.0	20.0	16.0	17.0	1.97949	0.012803089184177788
34.0	52.0	38.0	40.0	1.6378	0.015292720578875365
9.0	45.0	37.0	41.0	1.88323	0.013413055908255835
9.0	45.0	17.0	21.0	0.473344	0.05077424754978349
49.0	58.0	53.0	54.0	1.46442	0.01700033353905019
30.0	48.0	36.0	38.0	0.673608	0.03593760151910591
9.0	45.0	13.0	17.0	1.63833	0.015288054730936047
9.0	45.0	29.0	33.0	0.23762	0.10028059619405134
2.0	11.0	8.0	9.0	2.95572	0.00886167106117869
9.0	36.0	27.0	30.0	0.787681	0.030859022443053222
9.0	27.0	19.0	21.0	0.591688	0.040792799096720275
8.0	26.0	16.0	18.0	0.453877	0.052914677103211495
9.0	18.0	13.0	14.0	1.50316	0.01658460894641436
2.0	47.0	22.0	27.0	0.154884	0.15338394809548433
9.0	18.0	10.0	11.0	6.67108	0.004410662556946619
8.0	62.0	32.0	38.0	0.121363	0.19550906009792318
2.0	47.0	32.0	37.0	0.301721	0.07916062912341328
33.0	60.0	39.0	42.0	0.759908	0.03195506740399834
8.0	53.0	38.0	43.0	0.303508	0.07869966637202225
28.0	55.0	34.0	37.0	0.626283	0.038587502982615256
12.0	21.0	14.0	15.0	2.64127	0.0098131353052149
8.0	53.0	33.0	38.0	0.1759	0.1351620075118493
8.0	53.0	28.0	33.0	0.166953	0.14235872297839242
8.0	53.0	23.0	28.0	0.198989	0.11957986483050509
7.0	16.0	14.0	15.0	8.70171	0.0035843449518679006
2.0	38.0	10.0	14.0	0.39275	0.06101487584442586
8.0	44.0	36.0	40.0	1.95621	0.012945103181280794
2.0	29.0	11.0	14.0	0.293486	0.08135741454532235
42.0	51.0	48.0	49.0	3.77765	0.007122802377924266
8.0	35.0	29.0	32.0	3.42053	0.007775656293406443
8.0	35.0	23.0	26.0	0.320195	0.07464354876264696
43.0	61.0	55.0	57.0	1.25002	0.01976701480784617
8.0	35.0	11.0	14.0	2.12391	0.01199165204596276
36.0	54.0	46.0	48.0	0.577493	0.04177412411945193
7.0	43.0	27.0	31.0	0.232187	0.10260673579675626
8.0	26.0	12.0	14.0	1.0493	0.023381870592860763
17.0	62.0	32.0	37.0	0.165206	0.1438549235747321
7.0	34.0	28.0	31.0	3.27394	0.008084868896592745
9.0	63.0	21.0	27.0	0.29343	0.08137277531885112
18.0	36.0	24.0	26.0	0.675797	0.03582401174714397
8.0	62.0	38.0	44.0	0.131304	0.18077295277075547
10.0	28.0	16.0	18.0	0.645658	0.03745566174398931
11.0	29.0	19.0	21.0	0.491589	0.04892207349277929
16.0	43.0	34.0	37.0	0.659909	0.03666557329202088
11.0	20.0	12.0	13.0	5.50852	0.005157973357231285
7.0	61.0	19.0	25.0	0.255066	0.09348109167028171
28.0	46.0	30.0	32.0	5.13555	0.005469409470015218
8.0	44.0	24.0	28.0	0.192957	0.12329084545635934
2.0	56.0	8.0	14.0	0.98703	0.024802123876128627
7.0	52.0	27.0	32.0	0.166016	0.1431572918545773
9.0	18.0	11.0	12.0	2.68019	0.009683264536098654
50.0	59.0	57.0	58.0	6.02754	0.004788718664246857
7.0	52.0	22.0	27.0	0.189042	0.12582614855209348
50.0	59.0	52.0	53.0	3.80448	0.007078704203461996
7.0	52.0	12.0	17.0	0.9594	0.025491359600827514
32.0	50.0	36.0	38.0	1.66114	0.01509006866445444
27.0	45.0	41.0	43.0	5.79506	0.004945937480113499
7.0	43.0	35.0	39.0	1.91365	0.013213662729016709
7.0	43.0	31.0	35.0	0.415179	0.05776568440243
28.0	55.0	49.0	52.0	2.76214	0.009421774797901412
7.0	43.0	23.0	27.0	0.188152	0.12641721978933282
28.0	55.0	37.0	40.0	0.30189	0.07911680135070256
7.0	43.0	11.0	15.0	1.30833	0.018924794436348872
7.0	34.0	22.0	25.0	0.317353	0.07530421769001043
7.0	34.0	13.0	16.0	0.557852	0.04321429769713975
2.0	47.0	12.0	17.0	0.283271	0.08425987177062605
8.0	17.0	9.0	10.0	7.97489	0.0038317533995197574
3.0	12.0	4.0	5.0	3.63833	0.007362247846370941
7.0	25.0	15.0	17.0	0.449158	0.0534614785113916
8.0	26.0	18.0	20.0	0.610875	0.03953885283794669
22.0	40.0	28.0	30.0	0.626442	0.03857792966218253
6.0	60.0	36.0	42.0	0.135623	0.17504382032004942
6.0	15.0	9.0	10.0	1.72991	0.014524759220149576
30.0	57.0	39.0	42.0	0.31028	0.07700099258224576
7.0	16.0	10.0	11.0	1.4843	0.016784287651917695
32.0	50.0	42.0	44.0	0.625951	0.038607508237306604
27.0	45.0	37.0	39.0	0.612998	0.03940492972163523
7.0	16.0	8.0	9.0	6.77319	0.0043572804352661155
41.0	59.0	47.0	49.0	0.586931	0.041116370627593435
6.0	60.0	48.0	54.0	0.881631	0.02766324502114045
44.0	62.0	48.0	50.0	1.3667	0.018153684745714313
1.0	45.0	35.0	40.0	1.25499	0.0196921778502022
9.0	63.0	39.0	45.0	0.131941	0.1799043950873374
9.0	18.0	14.0	15.0	2.22479	0.011487342833102532
6.0	60.0	42.0	48.0	0.21275	0.11190150751087448
3.0	48.0	33.0	38.0	0.304917	0.07834001959394742
34.0	61.0	40.0	43.0	0.731164	0.03317711564284074
29.0	56.0	35.0	38.0	0.687045	0.03525175512533551
9.0	54.0	34.0	39.0	0.175083	0.13578866350794896
13.0	22.0	15.0	16.0	2.89942	0.009016856488430333
13.0	22.0	20.0	21.0	8.07182	0.0037961837976103184
6.0	51.0	41.0	46.0	1.2004	0.020548158218285553
6.0	51.0	36.0	41.0	0.308363	0.07747427789771275
8.0	62.0	14.0	20.0	0.89693	0.027206225654789563
9.0	54.0	24.0	29.0	0.205496	0.11582092541125213
35.0	62.0	50.0	53.0	0.341939	0.06995224863283474
6.0	51.0	26.0	31.0	0.161898	0.14677648595059192
29.0	56.0	50.0	53.0	2.64778	0.009791146417856092
9.0	54.0	44.0	49.0	1.16208	0.02119706221463114
3.0	39.0	31.0	35.0	1.99466	0.012712332138137425
6.0	42.0	30.0	34.0	0.436468	0.05499054734434133
31.0	40.0	38.0	39.0	12.3258	0.002786173456139945
23.0	59.0	51.0	55.0	1.64316	0.015245672593576325
9.0	36.0	15.0	18.0	0.715029	0.03390614912655552
35.0	53.0	45.0	47.0	0.576583	0.04183868207915835
6.0	42.0	26.0	30.0	0.22487	0.10591713673876389
6.0	42.0	22.0	26.0	0.182641	0.130205483969547
31.0	40.0	35.0	36.0	1.73704	0.01446870953681542
23.0	59.0	43.0	47.0	0.184776	0.12871106970740415
6.0	42.0	14.0	18.0	0.359417	0.06659285074479078
5.0	50.0	35.0	40.0	0.316187	0.07557870918609129
23.0	59.0	31.0	35.0	0.396844	0.060394394414673876
8.0	62.0	44.0	50.0	0.214576	0.1109566484737279
5.0	23.0	15.0	17.0	0.640601	0.0377444767584027
6.0	24.0	16.0	18.0	0.596594	0.04046449759969029
3.0	12.0	9.0	10.0	2.74633	0.009471007131730871
6.0	24.0	8.0	10.0	3.55423	0.00751587406540393
6.0	60.0	24.0	30.0	0.155938	0.15235308959394286
4.0	22.0	12.0	14.0	0.439191	0.0546549961701449
6.0	15.0	13.0	14.0	7.74369	0.00392019001867945
1.0	45.0	25.0	30.0	0.176446	0.1347464492244351
6.0	15.0	10.0	11.0	1.2384	0.019944329688890077
6.0	33.0	21.0	24.0	0.29798	0.08014353519077443
42.0	51.0	49.0	50.0	11.1935	0.002980037581066528
9.0	36.0	12.0	15.0	2.24961	0.011370198177078527
6.0	15.0	7.0	8.0	5.63696	0.005060263725770083
31.0	58.0	34.0	37.0	3.08684	0.008522195517155969
16.0	61.0	36.0	41.0	0.135179	0.17561590109838926
5.0	59.0	47.0	53.0	0.887344	0.02749073977128605
10.0	55.0	25.0	30.0	0.207868	0.11450920693320348
42.0	51.0	46.0	47.0	1.66911	0.015022166426504283
5.0	59.0	35.0	41.0	0.135963	0.174608266533623
42.0	51.0	45.0	46.0	2.21167	0.011550328458540888
5.0	59.0	29.0	35.0	0.129502	0.18327627823163486
7.0	61.0	49.0	55.0	0.890508	0.02739615448245085
5.0	59.0	17.0	23.0	0.229868	0.10363309951922936
8.0	53.0	43.0	48.0	1.1411	0.021570796304634342
2.0	38.0	30.0	34.0	2.13121	0.011953556213589525
10.0	46.0	22.0	26.0	0.27025	0.08827771958298124
5.0	50.0	15.0	20.0	0.276173	0.08640310593567112
20.0	29.0	24.0	25.0	1.70016	0.014763700193568909
10.0	55.0	45.0	50.0	1.17906	0.0209043217788236
5.0	41.0	33.0	37.0	1.94197	0.013033649183940272
5.0	41.0	29.0	33.0	0.453914	0.05291043474894268
5.0	41.0	21.0	25.0	0.177213	0.13416701394939565
22.0	58.0	42.0	46.0	0.189921	0.1252478201179459
5.0	41.0	13.0	17.0	0.342877	0.06976326125067932
6.0	42.0	18.0	22.0	0.201063	0.11835534876815432
23.0	59.0	39.0	43.0	0.158656	0.1497579665518553
37.0	46.0	41.0	42.0	1.82703	0.013798893230689818
8.0	35.0	17.0	20.0	0.321122	0.07443058187198413
5.0	32.0	20.0	23.0	0.275581	0.08658684782570725
29.0	47.0	33.0	35.0	1.37327	0.018070994705257366
10.0	37.0	16.0	19.0	0.743428	0.03264415469258793
17.0	53.0	37.0	41.0	0.213805	0.11135363186512037
34.0	43.0	41.0	42.0	12.287	0.0027922252999754552
34.0	43.0	36.0	37.0	3.88594	0.006948546471683521
29.0	38.0	36.0	37.0	11.4322	0.0029359746215155227
10.0	28.0	24.0	26.0	4.43702	0.0061935513687431006
5.0	32.0	17.0	20.0	0.22075	0.10787770490118576
7.0	61.0	43.0	49.0	0.214558	0.11096588404171431
18.0	54.0	26.0	30.0	0.463505	0.051833590602239826
5.0	32.0	14.0	17.0	0.274362	0.08696769210450338
22.0	49.0	40.0	43.0	0.673148	0.035961565391454765
5.0	59.0	11.0	17.0	0.679585	0.03562917678639582
5.0	32.0	8.0	11.0	2.15367	0.01183796593508481
1.0	45.0	15.0	20.0	0.158657	0.14975702812328107
8.0	53.0	13.0	18.0	1.10239	0.022297707174148366
8.0	44.0	12.0	16.0	1.46863	0.016954093199885223
1.0	36.0	12.0	16.0	0.19351	0.12294099846608886
2.0	20.0	4.0	6.0	2.42932	0.010593419587318633
5.0	14.0	10.0	11.0	1.48226	0.016806190523303528
7.0	52.0	17.0	22.0	0.295646	0.08076936852326089
34.0	52.0	44.0	46.0	0.593062	0.040700305677280654
2.0	11.0	7.0	8.0	1.84983	0.013639535068715564
5.0	50.0	10.0	15.0	0.88243	0.027638984695589053
6.0	33.0	15.0	18.0	0.271876	0.08775496129268788
29.0	38.0	30.0	31.0	11.6055	0.0029051198840701364
9.0	36.0	24.0	27.0	0.321283	0.07439371935110013
2.0	56.0	14.0	20.0	0.241352	0.0987434162712165
2.0	29.0	14.0	17.0	0.239527	0.09948913397502078
8.0	44.0	32.0	36.0	0.401667	0.05967965414309243
38.0	56.0	42.0	44.0	1.4902	0.016721278631603213
2.0	20.0	16.0	18.0	4.80769	0.005783085966109513
29.0	56.0	38.0	41.0	0.306575	0.07792104941425033
10.0	46.0	26.0	30.0	0.21134	0.11264227992782419
5.0	14.0	6.0	7.0	3.74811	0.007172084954664407
7.0	61.0	13.0	19.0	0.763557	0.031806512037274234
1.0	9.0	3.0	4.0	1.04273	0.023523714534124624
7.0	43.0	19.0	23.0	0.211048	0.11279692527910914
16.0	34.0	26.0	28.0	0.622725	0.03880300730296765
2.0	11.0	5.0	6.0	1.21001	0.020391870301130013
8.0	26.0	22.0	24.0	4.81987	0.005770669658345
19.0	28.0	24.0	25.0	2.06359	0.012316753394130745
10.0	46.0	38.0	42.0	1.87679	0.01345609705014204
18.0	54.0	38.0	42.0	0.212609	0.1119751426075064
7.0	25.0	13.0	15.0	0.521647	0.04615323150824534
40.0	49.0	41.0	42.0	13.7549	0.0025870570581425427
4.0	40.0	12.0	16.0	0.352932	0.06780049019097352
33.0	42.0	40.0	41.0	12.035	0.0028324808300668742
33.0	42.0	35.0	36.0	3.66636	0.007312611150298391
28.0	37.0	35.0	36.0	10.0541	0.0032191951185559344
32.0	50.0	38.0	40.0	0.726308	0.033393118756842956
6.0	33.0	12.0	15.0	0.493981	0.04868938991339211
13.0	40.0	34.0	37.0	3.18467	0.008287118344108913
15.0	33.0	21.0	23.0	0.685961	0.035306087868959564
12.0	30.0	18.0	20.0	0.690592	0.03507516296316796
5.0	14.0	12.0	13.0	6.71854	0.00438564910443189
6.0	51.0	21.0	26.0	0.178519	0.1331918444354072
1.0	54.0	6.0	12.0	0.936675	0.026088714198583024
45.0	54.0	50.0	51.0	2.13322	0.011943112591999972
21.0	39.0	33.0	35.0	1.47504	0.01688419615765573
18.0	36.0	20.0	22.0	4.94866	0.005643120920915155
42.0	60.0	52.0	54.0	0.620896	0.03891474906210974
37.0	55.0	47.0	49.0	0.593915	0.040643099674708465
8.0	44.0	28.0	32.0	0.240267	0.09918539530930022
1.0	36.0	28.0	32.0	2.24934	0.011371458606075644
22.0	31.0	26.0	27.0	1.48246	0.016804040517735278
40.0	58.0	50.0	52.0	0.663495	0.03647210689606388
3.0	48.0	13.0	18.0	0.284885	0.08378742945046651
11.0	47.0	19.0	23.0	0.497217	0.04837816865022641
32.0	59.0	35.0	38.0	3.28984	0.008049997560027932
17.0	62.0	37.0	42.0	0.130733	0.1815587127158763
32.0	41.0	35.0	36.0	2.16531	0.011779004139306382
1.0	54.0	24.0	30.0	0.135064	0.17576468843356066
8.0	62.0	26.0	32.0	0.165077	0.14396665987532464
6.0	24.0	14.0	16.0	0.463703	0.05181182915256667
23.0	41.0	33.0	35.0	0.619161	0.039021358090697456
5.0	59.0	23.0	29.0	0.157727	0.15063490706095412
8.0	35.0	20.0	23.0	0.242257	0.09837778923307353
21.0	48.0	42.0	45.0	3.04096	0.008637651261180022
3.0	39.0	27.0	31.0	0.465046	0.05166471408492938
29.0	47.0	31.0	33.0	5.63086	0.005064803425354793
9.0	45.0	25.0	29.0	0.201956	0.11783585600460725
53.0	62.0	54.0	55.0	8.42109	0.0036748062192122686
48.0	57.0	54.0	55.0	2.76671	0.009407648647200785
4.0	13.0	5.0	6.0	3.68935	0.007272462498193548
3.0	12.0	7.0	8.0	1.55538	0.01605700005131577
9.0	45.0	21.0	25.0	0.254846	0.09356103997330592
33.0	42.0	34.0	35.0	9.62458	0.003324046791871371
28.0	37.0	34.0	35.0	3.67784	0.0072925002778248755
5.0	59.0	41.0	47.0	0.216552	0.10995212391710166
15.0	33.0	23.0	25.0	0.540661	0.044560697577940525
8.0	44.0	16.0	20.0	0.429851	0.055823667701759914
48.0	57.0	52.0	53.0	1.55725	0.01603876261792429
2.0	47.0	7.0	12.0	1.36968	0.01811608015056954
1.0	36.0	16.0	20.0	0.155997	0.15229579669898138
9.0	36.0	21.0	24.0	0.269832	0.08841312439193375
5.0	32.0	11.0	14.0	0.491266	0.04895366720222691
1.0	54.0	18.0	24.0	0.14517	0.16358938561506284
10.0	37.0	25.0	28.0	0.326994	0.0731096112321632
18.0	45.0	30.0	33.0	0.269471	0.08853040296614514
33.0	60.0	51.0	54.0	0.670214	0.0361151872504277
28.0	55.0	46.0	49.0	0.648426	0.03729948365991498
19.0	46.0	28.0	31.0	0.351775	0.06802062783388153
8.0	26.0	20.0	22.0	1.18926	0.020732489632113642
29.0	38.0	32.0	33.0	2.17176	0.011746604157592254
10.0	28.0	20.0	22.0	0.593646	0.04066112227297293
8.0	26.0	10.0	12.0	3.52941	0.0075626121703064155
14.0	32.0	26.0	28.0	1.3314	0.01861194260323769
1.0	18.0	10.0	12.0	0.67283	0.03597815087641092
1.0	63.0	35.0	42.0	0.119526	0.19850048034701584
2.0	56.0	20.0	26.0	0.152388	0.1558820158740423
29.0	38.0	31.0	32.0	4.30549	0.006356191535497111
10.0	28.0	14.0	16.0	1.33008	0.018629550382188255
9.0	36.0	30.0	33.0	3.43783	0.007740903856446265
13.0	40.0	19.0	22.0	0.755428	0.0321394164444508
4.0	22.0	14.0	16.0	0.69605	0.03480694459716309
21.0	39.0	35.0	37.0	5.76371	0.0049681089481039215
7.0	16.0	11.0	12.0	1.31365	0.01885167520383445
1.0	45.0	20.0	25.0	0.142204	0.16698328856385078
15.0	60.0	45.0	50.0	0.273981	0.08708742060163512
7.0	61.0	37.0	43.0	0.132415	0.17926351268385587
3.0	57.0	27.0	33.0	0.13752	0.17264120035069722
7.0	61.0	31.0	37.0	0.12454	0.19054383419837634
32.0	59.0	41.0	44.0	0.31394	0.07611343280873223
31.0	49.0	41.0	43.0	0.628351	0.038463367892865245
3.0	39.0	7.0	11.0	1.83701	0.01372865229240994
24.0	42.0	38.0	40.0	6.20452	0.00467693126230875
41.0	50.0	43.0	44.0	4.31807	0.006340207540320013
36.0	45.0	43.0	44.0	12.954	0.0026932349077813124
36.0	45.0	38.0	39.0	3.99111	0.006788362503695168
7.0	34.0	19.0	22.0	0.22476	0.10596854810009948
32.0	50.0	44.0	46.0	1.42028	0.01750164734817836
1.0	63.0	28.0	35.0	0.115797	0.20486476581267216
7.0	34.0	10.0	13.0	1.97205	0.012848110549717176
5.0	23.0	13.0	15.0	0.45161	0.05317593339394629
23.0	59.0	47.0	51.0	0.416552	0.05757814915893197
8.0	44.0	20.0	24.0	0.232896	0.10229702006369598
2.0	29.0	5.0	8.0	2.03296	0.012489222658302978
6.0	51.0	11.0	16.0	0.887252	0.027493500131666165
39.0	57.0	41.0	43.0	6.29982	0.004619337754193541
3.0	21.0	15.0	17.0	1.42103	0.01749286923841023
10.0	19.0	16.0	17.0	3.49836	0.007622015659636406
2.0	47.0	17.0	22.0	0.164734	0.14426460842134164
8.0	17.0	10.0	11.0	2.63707	0.009827379299660571
10.0	37.0	28.0	31.0	0.828753	0.02937278797170377
5.0	50.0	20.0	25.0	0.174722	0.13606742487911117
3.0	12.0	5.0	6.0	1.78521	0.014101770025678534
6.0	15.0	8.0	9.0	2.67073	0.009714483071970348
22.0	49.0	37.0	40.0	0.314851	0.07589572018683423
1.0	9.0	2.0	3.0	2.3728	0.010825038093251667
8.0	62.0	20.0	26.0	0.273016	0.08739216499859187
1.0	45.0	5.0	10.0	1.10336	0.022278869113282793
23.0	50.0	32.0	35.0	0.299726	0.07968173972150257
9.0	27.0	21.0	23.0	1.31311	0.018859070063606438
4.0	13.0	10.0	11.0	2.26946	0.011278354829120445
4.0	58.0	16.0	22.0	0.230145	0.10350941462279609
9.0	54.0	14.0	19.0	1.27714	0.01936573142283368
13.0	31.0	15.0	17.0	3.89609	0.006932710018071731
9.0	27.0	11.0	13.0	3.55343	0.00751737034810895
9.0	54.0	39.0	44.0	0.298849	0.07991302092073263
21.0	57.0	49.0	53.0	1.71182	0.01466906174285293
50.0	59.0	53.0	54.0	1.81453	0.013887960296134545
10.0	37.0	13.0	16.0	2.385	0.010774113534387767
17.0	53.0	29.0	33.0	0.242005	0.09847932447993119
7.0	52.0	37.0	42.0	0.308044	0.07755360701625974
1.0	18.0	2.0	4.0	2.92329	0.008950331263790742
16.0	61.0	46.0	51.0	0.295452	0.0808218323240443
1.0	18.0	14.0	16.0	5.16925	0.0054394225152496235
34.0	43.0	37.0	38.0	2.321	0.01104722089940937
2.0	56.0	26.0	32.0	0.139075	0.17072062025767598
8.0	26.0	14.0	16.0	0.616267	0.03920051888661161
21.0	39.0	25.0	27.0	1.23867	0.01994017188344669
6.0	24.0	10.0	12.0	0.956095	0.025576470987180574
5.0	50.0	40.0	45.0	1.25165	0.019742405199561386
20.0	29.0	21.0	22.0	8.65242	0.0035998093699389265
32.0	41.0	38.0	39.0	4.676	0.005921461337842605
20.0	56.0	28.0	32.0	0.449216	0.053454688185786164
18.0	45.0	21.0	24.0	3.00239	0.00873744166690008
1.0	18.0	8.0	10.0	0.662409	0.03653047598415578
37.0	46.0	42.0	43.0	2.20433	0.01158589290746293
3.0	48.0	8.0	13.0	1.28519	0.01924987849934134
14.0	59.0	19.0	24.0	1.40804	0.017646227746124756
18.0	36.0	30.0	32.0	1.73572	0.014479051462344246
23.0	41.0	25.0	27.0	4.28317	0.006384782134566793
38.0	47.0	42.0	43.0	1.76112	0.014282768744983004
9.0	36.0	18.0	21.0	0.353741	0.06764742055577028
2.0	29.0	20.0	23.0	0.631791	0.03825867646337001
11.0	56.0	21.0	26.0	0.377998	0.06336214109811575
14.0	59.0	49.0	54.0	1.18993	0.02072130572532403
6.0	24.0	12.0	14.0	0.471411	0.05097887892707191
18.0	54.0	30.0	34.0	0.232082	0.10265276430526804
8.0	62.0	50.0	56.0	0.891446	0.027368242740945195
24.0	60.0	28.0	32.0	1.87505	0.013467776911197816
1.0	45.0	10.0	15.0	0.282485	0.08449190062763222
1.0	9.0	5.0	6.0	1.36733	0.018145721117539374
35.0	53.0	43.0	45.0	0.44661	0.053761525175860816
11.0	38.0	26.0	29.0	0.349578	0.0684426526155162
19.0	46.0	31.0	34.0	0.260365	0.09159624638792326
5.0	23.0	11.0	13.0	0.494318	0.04865678896811268
3.0	57.0	39.0	45.0	0.226089	0.10535075438400944
2.0	38.0	22.0	26.0	0.212206	0.11218614272841798
5.0	14.0	8.0	9.0	1.69363	0.014817270213887965
2.0	20.0	8.0	10.0	0.816708	0.02979315809594722
7.0	43.0	15.0	19.0	0.391102	0.06126831163045606
34.0	52.0	36.0	38.0	5.48139	0.0051791980358046495
29.0	47.0	41.0	43.0	1.41437	0.01757114456864511
5.0	41.0	17.0	21.0	0.196066	0.12134962501012558
2.0	20.0	6.0	8.0	1.23873	0.01993924817282531
19.0	46.0	37.0	40.0	0.683299	0.03544024532154514
33.0	51.0	35.0	37.0	5.23197	0.005384641480646884
28.0	46.0	40.0	42.0	1.42065	0.017497315655680978
4.0	40.0	16.0	20.0	0.197091	0.12072305191049465
1.0	54.0	12.0	18.0	0.221531	0.10750045183724097
9.0	63.0	15.0	21.0	0.988713	0.024761385803269108
7.0	34.0	16.0	19.0	0.28753	0.08302466597133101
3.0	57.0	15.0	21.0	0.240623	0.09903993795062216
2.0	20.0	10.0	12.0	0.502189	0.047907803737814864
1.0	63.0	7.0	14.0	0.771244	0.031498164430728844
12.0	39.0	21.0	24.0	0.369366	0.06482257523356641
18.0	54.0	34.0	38.0	0.176693	0.13455930227459134
2.0	20.0	12.0	14.0	0.649474	0.0372407000768588
25.0	52.0	46.0	49.0	2.77113	0.009394030479075647
3.0	48.0	28.0	33.0	0.192126	0.12382035196949483
47.0	56.0	51.0	52.0	1.56699	0.015944475718514744
4.0	49.0	9.0	14.0	1.06372	0.02307669118599873
14.0	50.0	18.0	22.0	1.98245	0.012785271423626033
7.0	16.0	12.0	13.0	1.6411	0.015263718108650499
30.0	57.0	45.0	48.0	0.279227	0.08546759823495191
4.0	22.0	18.0	20.0	4.53558	0.006077862003315662
4.0	58.0	22.0	28.0	0.157899	0.15047176723813369
7.0	25.0	21.0	23.0	4.33821	0.006314810905239748
4.0	49.0	24.0	29.0	0.158856	0.1495705159521901
15.0	60.0	20.0	25.0	1.46652	0.016977235100905822
6.0	60.0	12.0	18.0	0.683665	0.035421737985302584
27.0	36.0	32.0	33.0	2.19231	0.011644647639989535
1.0	36.0	8.0	12.0	0.485688	0.04950589897519385
4.0	22.0	6.0	8.0	2.78435	0.009353557265308936
1.0	63.0	14.0	21.0	0.198909	0.11962760934104236
21.0	48.0	33.0	36.0	0.24222	0.09839268395334594
18.0	27.0	22.0	23.0	1.66363	0.01506878466056382
2.0	29.0	8.0	11.0	0.80655	0.030157431165402804
3.0	30.0	21.0	24.0	0.689081	0.03515016785826147
33.0	42.0	38.0	39.0	2.40878	0.010676335052007447
4.0	31.0	19.0	22.0	0.273584	0.08721253184129711
22.0	31.0	29.0	30.0	11.6112	0.002904120687680833
2.0	29.0	17.0	20.0	0.292207	0.08170971199701928
5.0	32.0	23.0	26.0	0.639772	0.03779225813428294
4.0	22.0	8.0	10.0	1.3287	0.018647995921183307
4.0	58.0	10.0	16.0	0.73804	0.03287612144098351
4.0	31.0	10.0	13.0	0.550699	0.04376430936763304
8.0	35.0	14.0	17.0	0.657804	0.03678012155310462
3.0	39.0	23.0	27.0	0.213818	0.11134691451176845
2.0	29.0	23.0	26.0	2.76275	0.009419886547775863
2.0	38.0	6.0	10.0	1.74944	0.014372320026138126
27.0	36.0	31.0	32.0	1.86375	0.013544159591854591
7.0	34.0	25.0	28.0	0.639216	0.037824373944838036
12.0	57.0	22.0	27.0	0.383728	0.0624289757749155
10.0	19.0	14.0	15.0	1.71929	0.014609106063198374
16.0	52.0	40.0	44.0	0.411963	0.058209844368667094
2.0	38.0	14.0	18.0	0.202541	0.11749802218934725
4.0	49.0	19.0	24.0	0.172935	0.13746447190119818
3.0	12.0	8.0	9.0	1.88718	0.013386801794153844
31.0	49.0	37.0	39.0	0.705201	0.034366559960132034
1.0	36.0	4.0	8.0	1.2059	0.020458406583136038
2.0	38.0	18.0	22.0	0.16352	0.14532919632290892
1.0	9.0	7.0	8.0	7.9711	0.0038331617579994565
2.0	38.0	26.0	30.0	0.449703	0.053397741963108446
3.0	48.0	18.0	23.0	0.171639	0.13849586231291255
8.0	17.0	12.0	13.0	1.36212	0.01821180049959165
7.0	25.0	11.0	13.0	0.989874	0.024733363810284542
4.0	49.0	14.0	19.0	0.283857	0.08408771946095174
1.0	9.0	6.0	7.0	2.84125	0.009183656258152291
16.0	43.0	37.0	40.0	3.31706	0.007991075627984177
27.0	54.0	33.0	36.0	0.613159	0.03939481134891141
11.0	20.0	13.0	14.0	2.30839	0.01110281743420283
7.0	25.0	19.0	21.0	1.16627	0.021124033130565923
3.0	39.0	19.0	23.0	0.165942	0.1432207434309278
2.0	11.0	9.0	10.0	6.35623	0.004586060666047866
17.0	35.0	29.0	31.0	1.64462	0.015232910427372612
2.0	56.0	38.0	44.0	0.232091	0.10264881737264032
9.0	27.0	13.0	15.0	1.17213	0.021022772718118986
6.0	42.0	10.0	14.0	1.21585	0.020298100963020947
5.0	14.0	9.0	10.0	1.5008	0.016609320550281675
4.0	31.0	7.0	10.0	2.36769	0.010846523911048827
2.0	56.0	44.0	50.0	0.841702	0.028934287848007688
6.0	24.0	20.0	22.0	4.21209	0.0064778503586671605
3.0	48.0	23.0	28.0	0.158518	0.1498875832527832
3.0	12.0	6.0	7.0	1.39524	0.017800136393205733
14.0	41.0	26.0	29.0	0.281162	0.08488538255551686
3.0	21.0	11.0	13.0	0.469914	0.05113851118848978
39.0	48.0	44.0	45.0	2.1906	0.011653058647566118
20.0	38.0	32.0	34.0	1.57614	0.015856961818138535
20.0	29.0	26.0	27.0	3.29718	0.008034013187656012
3.0	21.0	13.0	15.0	0.688912	0.03515857734793481
44.0	53.0	51.0	52.0	8.52866	0.0036394261221217245
44.0	53.0	46.0	47.0	4.29693	0.006367121276304099
39.0	48.0	46.0	47.0	13.5907	0.0026078057562326892
20.0	38.0	34.0	36.0	5.30738	0.005320490917359544
17.0	53.0	25.0	29.0	0.470402	0.05108636179757287
4.0	49.0	29.0	34.0	0.189222	0.12570728203565024
4.0	40.0	8.0	12.0	1.61081	0.015534386083014514
15.0	60.0	25.0	30.0	0.354653	0.06747569981106753
28.0	37.0	32.0	33.0	1.73325	0.014498445714538127
8.0	35.0	26.0	29.0	0.728711	0.033285869428837093
26.0	53.0	32.0	35.0	0.629063	0.038420817800881
6.0	51.0	31.0	36.0	0.181149	0.13127073403077782
4.0	13.0	7.0	8.0	1.64863	0.015197974476448411
3.0	30.0	12.0	15.0	0.284846	0.08379878222102613
41.0	50.0	44.0	45.0	2.25854	0.011328680466180864
4.0	58.0	28.0	34.0	0.134992	0.17585797128633143
18.0	27.0	21.0	22.0	1.94845	0.012993195303587488
20.0	56.0	24.0	28.0	1.84757	0.01365515548777996
3.0	30.0	15.0	18.0	0.229816	0.10365635158415962
39.0	57.0	53.0	55.0	3.781	0.007117262076752804
20.0	47.0	41.0	44.0	3.03628	0.008649624462601948
3.0	21.0	7.0	9.0	1.42665	0.017427385631894183
3.0	39.0	11.0	15.0	0.377361	0.06346763075463137
3.0	48.0	38.0	43.0	1.23734	0.01996067047070062
12.0	21.0	17.0	18.0	1.95051	0.012980391272041454
10.0	46.0	14.0	18.0	1.79718	0.01401363871588344
3.0	21.0	9.0	11.0	0.701207	0.03455735446404765
1.0	18.0	4.0	6.0	0.788421	0.030830874923564237
21.0	57.0	29.0	33.0	0.424606	0.056502493573993604
3.0	57.0	21.0	27.0	0.155717	0.15256808107310738
10.0	19.0	12.0	13.0	2.52864	0.010211491196039242
9.0	27.0	23.0	25.0	4.83893	0.005751365307861045
12.0	30.0	14.0	16.0	3.63903	0.007360998947483706
29.0	56.0	44.0	47.0	0.284282	0.08396330899365256
5.0	50.0	25.0	30.0	0.158434	0.1499665909268699
3.0	57.0	45.0	51.0	0.879725	0.02772129553546052
12.0	30.0	24.0	26.0	1.35385	0.018317734787722518
7.0	52.0	32.0	37.0	0.17781	0.1337194660393193
4.0	13.0	6.0	7.0	1.853	0.013617689216747924
35.0	62.0	41.0	44.0	0.701306	0.03455259894025175
4.0	13.0	8.0	9.0	1.56785	0.01593620687681234
12.0	39.0	15.0	18.0	2.50697	0.010292240675740045
24.0	60.0	36.0	40.0	0.195571	0.12165456572616411
10.0	19.0	11.0	12.0	6.27186	0.004636053649124791
9.0	27.0	17.0	19.0	0.494724	0.04861757203827777
7.0	16.0	9.0	10.0	2.97455	0.008811078959832703
17.0	35.0	31.0	33.0	5.36198	0.005275169421932471
22.0	40.0	26.0	28.0	1.24702	0.019812476734418487
23.0	41.0	29.0	31.0	0.640826	0.03773152968101439
6.0	33.0	9.0	12.0	2.07661	0.012244982296110657
4.0	22.0	10.0	12.0	0.553564	0.04354230605155278
21.0	39.0	31.0	33.0	0.701203	0.034557546634647114
10.0	37.0	22.0	25.0	0.29201	0.08176424944959353
9.0	45.0	33.0	37.0	0.404155	0.05931761691644778
3.0	21.0	5.0	7.0	2.61274	0.00991079373583244
1.0	36.0	20.0	24.0	0.196952	0.12080763909582327
4.0	13.0	9.0	10.0	1.77405	0.014185008860017518
19.0	37.0	25.0	27.0	0.631945	0.03824956506645905
24.0	42.0	30.0	32.0	0.67511	0.035859581667972706
4.0	40.0	24.0	28.0	0.212091	0.11224650073712672
4.0	49.0	34.0	39.0	0.307581	0.07766903887642303
15.0	60.0	30.0	35.0	0.184152	0.1291442608323746
6.0	33.0	27.0	30.0	3.15614	0.00835416822913027
5.0	23.0	7.0	9.0	3.13683	0.008400241812793183
6.0	15.0	11.0	12.0	1.60269	0.015608684429223637
4.0	49.0	39.0	44.0	1.22599	0.02013741128148007
34.0	61.0	43.0	46.0	0.2895	0.08246561493647278
13.0	22.0	18.0	19.0	2.07611	0.012247721861462767
15.0	60.0	35.0	40.0	0.139248	0.17050959957178197
7.0	25.0	17.0	19.0	0.602517	0.04007526383365292
4.0	58.0	34.0	40.0	0.140647	0.1688222104802586
32.0	41.0	33.0	34.0	10.8677	0.003043302724503907
27.0	36.0	33.0	34.0	3.84797	0.007008529693789157
27.0	36.0	28.0	29.0	9.13262	0.003456258397851819
4.0	58.0	40.0	46.0	0.221993	0.10727853760847968
6.0	60.0	18.0	24.0	0.2418	0.09856207870717347
14.0	32.0	22.0	24.0	0.524531	0.04590425157643306
3.0	30.0	6.0	9.0	2.30749	0.011106808698245572
12.0	57.0	42.0	47.0	0.27363	0.08719801672939707
17.0	62.0	42.0	47.0	0.145319	0.16342254416608903
4.0	58.0	46.0	52.0	0.895903	0.02723641598508531
13.0	31.0	25.0	27.0	1.29531	0.01910627784513069
16.0	61.0	21.0	26.0	1.44682	0.017196556341811574
6.0	60.0	30.0	36.0	0.126595	0.18746487897072617
5.0	14.0	7.0	8.0	2.28425	0.01121096118040927
11.0	38.0	14.0	17.0	2.4482	0.01051843235360701
5.0	14.0	11.0	12.0	2.58365	0.010012589758184297
5.0	23.0	9.0	11.0	1.10437	0.02225928939225438
11.0	20.0	17.0	18.0	3.52503	0.007570928393627045
7.0	52.0	42.0	47.0	1.18477	0.020807764922985875
11.0	20.0	18.0	19.0	9.20517	0.003435872625134651
11.0	29.0	13.0	15.0	3.24435	0.008150674596316665
17.0	44.0	26.0	29.0	0.355742	0.06727180505260144
3.0	30.0	9.0	12.0	0.707339	0.03426531249956681
23.0	50.0	29.0	32.0	0.698169	0.03470394229786863
11.0	29.0	15.0	17.0	1.2955	0.019103603241515776
11.0	29.0	17.0	19.0	0.655664	0.036897328374020696
17.0	44.0	35.0	38.0	0.665822	0.03634767905955816
11.0	29.0	21.0	23.0	0.629934	0.03836889645689416
4.0	40.0	20.0	24.0	0.171066	0.13895685274099398
19.0	37.0	21.0	23.0	4.81686	0.005773732214840267
35.0	44.0	40.0	41.0	2.21953	0.011512505267919047
11.0	29.0	23.0	25.0	1.47835	0.016848339988132215
18.0	45.0	39.0	42.0	3.15459	0.008357845702008839
19.0	37.0	23.0	25.0	1.55108	0.016099103212949353
11.0	29.0	25.0	27.0	4.44492	0.006184089242936599
44.0	62.0	52.0	54.0	0.487299	0.04934510876281368
39.0	57.0	47.0	49.0	0.434228	0.055269734058537155
11.0	38.0	17.0	20.0	0.744439	0.03260100277631584
16.0	52.0	32.0	36.0	0.186763	0.12735094595074833
36.0	63.0	57.0	60.0	1.98613	0.012763193670810372
11.0	38.0	20.0	23.0	0.35578	0.0672647128050594
17.0	53.0	33.0	37.0	0.182025	0.13064317571687503
11.0	38.0	23.0	26.0	0.287219	0.08311362315416154
6.0	15.0	12.0	13.0	2.78213	0.00936032695389088
3.0	39.0	15.0	19.0	0.20413	0.11659015760694398
17.0	53.0	41.0	45.0	0.402759	0.05952020279555334
11.0	38.0	32.0	35.0	3.17227	0.008316112072502059
17.0	53.0	45.0	49.0	1.67642	0.014960454863464066
11.0	47.0	15.0	19.0	1.77843	0.01415221530941791
21.0	30.0	24.0	25.0	1.98047	0.012797184163028408
19.0	55.0	23.0	27.0	2.00632	0.012643507104654084
19.0	55.0	27.0	31.0	0.461186	0.05208985434929928
11.0	47.0	31.0	35.0	0.232064	0.10266065908895272
19.0	55.0	31.0	35.0	0.220492	0.10800291608421309
26.0	53.0	29.0	32.0	2.81783	0.009252756507647886
11.0	47.0	35.0	39.0	0.413641	0.057977235040482765
8.0	17.0	11.0	12.0	1.59676	0.01566342161731961
19.0	55.0	35.0	39.0	0.173886	0.13671742139663481
24.0	60.0	40.0	44.0	0.155788	0.15249894490886842
50.0	59.0	54.0	55.0	1.45437	0.017111799551383505
11.0	47.0	39.0	43.0	1.85067	0.013633738974388692
19.0	55.0	39.0	43.0	0.20882	0.11399113008924876
11.0	56.0	16.0	21.0	1.30614	0.018955067337805526
15.0	33.0	17.0	19.0	4.61233	0.00599119732243113
15.0	33.0	27.0	29.0	1.49495	0.01667091241312522
14.0	32.0	28.0	30.0	5.61599	0.005075911195265504
11.0	56.0	36.0	41.0	0.169203	0.14047725342915637
1.0	18.0	12.0	14.0	1.43633	0.017315796821677238
11.0	56.0	41.0	46.0	0.28306	0.08432203288610299
11.0	56.0	46.0	51.0	1.23744	0.019959127691558123
12.0	21.0	13.0	14.0	5.56461	0.005114748582406605
28.0	55.0	40.0	43.0	0.233839	0.10188799522689575
12.0	21.0	15.0	16.0	1.81795	0.013863469833977418
33.0	60.0	36.0	39.0	3.38731	0.007843384291992163
12.0	21.0	16.0	17.0	1.53902	0.016218443151024144
28.0	55.0	43.0	46.0	0.289409	0.08249127145673471
12.0	21.0	18.0	19.0	3.55342	0.0075173890559062225
12.0	21.0	19.0	20.0	8.4432	0.003667460567736024
12.0	30.0	16.0	18.0	1.2518	0.019740143731960754
13.0	31.0	19.0	21.0	0.669998	0.0361265500072242
12.0	30.0	20.0	22.0	0.477112	0.050380125584386634
2.0	11.0	4.0	5.0	1.66494	0.015057612609115641
12.0	30.0	22.0	24.0	0.694304	0.03489228822422924
12.0	30.0	26.0	28.0	5.04608	0.005550964979649388
12.0	39.0	24.0	27.0	0.277301	0.08605517470894748
45.0	63.0	57.0	59.0	1.09566	0.022429326891652904
12.0	39.0	27.0	30.0	0.357494	0.0669463828620009
36.0	54.0	42.0	44.0	0.617092	0.03914927381768284
12.0	39.0	30.0	33.0	0.794702	0.03059407406864999
36.0	54.0	50.0	52.0	4.50316	0.006115357556298401
12.0	39.0	33.0	36.0	3.11698	0.008448198864370635
12.0	48.0	16.0	20.0	1.77695	0.01416327815101068
12.0	48.0	20.0	24.0	0.502903	0.04784102107190422
18.0	63.0	33.0	38.0	0.160372	0.1481648439487178
17.0	26.0	24.0	25.0	9.49999	0.003356234882313534
22.0	31.0	24.0	25.0	3.37992	0.00785863184090219
10.0	46.0	18.0	22.0	0.507247	0.04743876457699085
9.0	54.0	29.0	34.0	0.16537	0.14371312290974272
22.0	31.0	28.0	29.0	4.37754	0.0062658893546064295
12.0	48.0	28.0	32.0	0.217952	0.1092514403375325
12.0	48.0	32.0	36.0	0.226442	0.10518787907511186
12.0	48.0	36.0	40.0	0.426427	0.05626492111877993
12.0	48.0	40.0	44.0	1.8293	0.01378284924720615
18.0	63.0	53.0	58.0	1.16874	0.021081227893870378
7.0	61.0	25.0	31.0	0.158299	0.15009374321274288
12.0	57.0	32.0	37.0	0.150066	0.15828055110248543
4.0	31.0	22.0	25.0	0.69362	0.034925838939950424
19.0	28.0	23.0	24.0	1.80279	0.013972736851354093
15.0	33.0	29.0	31.0	5.64306	0.005055733840777975
12.0	57.0	37.0	42.0	0.165125	0.1439250631826977
13.0	49.0	21.0	25.0	0.50584	0.04756829697435048
3.0	30.0	24.0	27.0	2.7354	0.009505375867747457
18.0	27.0	25.0	26.0	8.78098	0.003559838624731885
23.0	32.0	25.0	26.0	3.11945	0.00844219816498515
23.0	32.0	30.0	31.0	11.099	0.0029980055511365294
12.0	57.0	47.0	52.0	1.19592	0.020621875083777323
13.0	22.0	14.0	15.0	6.51982	0.004492812885259764
29.0	56.0	41.0	44.0	0.233406	0.10207539795001809
13.0	22.0	16.0	17.0	1.7625	0.014272266600867608
10.0	46.0	30.0	34.0	0.237716	0.10024044977720666
13.0	22.0	17.0	18.0	1.54332	0.01617567847663687
13.0	22.0	19.0	20.0	3.24548	0.008148139533246921
10.0	55.0	30.0	35.0	0.16305	0.1457456082289155
13.0	31.0	17.0	19.0	1.31442	0.018841141190631194
13.0	31.0	21.0	23.0	0.487382	0.04933685351626255
13.0	31.0	23.0	25.0	0.686695	0.03526927923401031
13.0	40.0	16.0	19.0	2.55339	0.010120941289084171
13.0	40.0	22.0	25.0	0.383326	0.06249353395034087
13.0	40.0	25.0	28.0	0.270478	0.08820403881228649
13.0	40.0	28.0	31.0	0.361831	0.06615437069294623
13.0	40.0	31.0	34.0	0.750084	0.0323621986154721
14.0	41.0	29.0	32.0	0.359734	0.06653493506976724
9.0	54.0	19.0	24.0	0.359934	0.0664984476966266
17.0	26.0	18.0	19.0	8.83948	0.003542035217638378
17.0	26.0	23.0	24.0	3.66995	0.0073063086023691624
22.0	31.0	23.0	24.0	8.96142	0.003505672226257423
8.0	53.0	18.0	23.0	0.332333	0.07194906183328026
16.0	25.0	17.0	18.0	7.85487	0.00387701260036614
16.0	25.0	22.0	23.0	3.35529	0.007909935092355696
21.0	30.0	22.0	23.0	8.35107	0.003698325749032988
13.0	49.0	25.0	29.0	0.257876	0.09247193223453887
13.0	49.0	29.0	33.0	0.209848	0.11343697267167518
13.0	49.0	37.0	41.0	0.423368	0.05666517330695258
21.0	30.0	28.0	29.0	12.2164	0.002803335773285438
13.0	49.0	41.0	45.0	1.83032	0.013775653014909404
20.0	47.0	23.0	26.0	2.95483	0.00886407825565761
25.0	43.0	33.0	35.0	0.44344	0.05413963060689025
13.0	58.0	18.0	23.0	1.37926	0.017996291074449302
22.0	40.0	24.0	26.0	4.43656	0.006194103366163337
18.0	36.0	32.0	34.0	5.40228	0.005242305474407002
23.0	41.0	27.0	29.0	1.32198	0.018738368029711315
13.0	58.0	28.0	33.0	0.201214	0.11826718227714339
19.0	28.0	21.0	22.0	3.44841	0.007719822461879329
22.0	40.0	34.0	36.0	1.41243	0.017594084320858388
16.0	34.0	30.0	32.0	5.56168	0.005116984953412238
13.0	58.0	33.0	38.0	0.146304	0.16232814792731518
23.0	41.0	37.0	39.0	6.24521	0.004652125680568512
13.0	58.0	38.0	43.0	0.163202	0.14561067644251072
4.0	31.0	25.0	28.0	2.8265	0.009227042351243941
3.0	57.0	9.0	15.0	0.888435	0.02745804908513122
19.0	28.0	26.0	27.0	9.12808	0.0034575448628950986
24.0	33.0	26.0	27.0	3.33366	0.007955614673694223
24.0	33.0	31.0	32.0	10.8728	0.003042283175517343
25.0	34.0	29.0	30.0	1.7422	0.014428432377315293
13.0	58.0	43.0	48.0	0.272421	0.08758114038648612
13.0	58.0	48.0	53.0	1.23383	0.020014980457842647
6.0	51.0	16.0	21.0	0.276795	0.08621089951630434
11.0	47.0	23.0	27.0	0.269958	0.08837226443987488
14.0	23.0	15.0	16.0	7.48135	0.004027157937118513
14.0	23.0	20.0	21.0	3.11606	0.008450436374253445
14.0	23.0	16.0	17.0	3.0126	0.008710777124966589
14.0	23.0	21.0	22.0	8.75288	0.0035684749565376745
36.0	63.0	39.0	42.0	3.21247	0.008222929694309085
1.0	9.0	4.0	5.0	0.872908	0.027930993805833235
21.0	57.0	45.0	49.0	0.378983	0.06319971943198399
15.0	24.0	19.0	20.0	1.67452	0.014976442983143738
14.0	23.0	17.0	18.0	1.81059	0.013916289144091648
14.0	23.0	18.0	19.0	1.72228	0.014585253489039622
11.0	47.0	27.0	31.0	0.215193	0.11064100788789948
14.0	23.0	19.0	20.0	1.93914	0.013051401364888363
11.0	56.0	26.0	31.0	0.209146	0.11381480548909544
14.0	32.0	18.0	20.0	1.47551	0.01687909499860109
14.0	32.0	20.0	22.0	0.657791	0.0367808312548563
14.0	32.0	24.0	26.0	0.610905	0.03953695389382666
54.0	63.0	60.0	61.0	1.97527	0.012828583868156777
54.0	63.0	55.0	56.0	8.34298	0.00370106859966058
49.0	58.0	55.0	56.0	3.02716	0.008673063221154841
14.0	41.0	20.0	23.0	0.762772	0.03183835037705754
14.0	41.0	23.0	26.0	0.377635	0.06342221168102238
45.0	54.0	49.0	50.0	1.5619	0.015993602158604302
14.0	41.0	32.0	35.0	0.70064	0.034584616535398835
14.0	41.0	35.0	38.0	3.3221	0.007980271705240682
16.0	34.0	22.0	24.0	0.733252	0.03308511742805412
14.0	50.0	26.0	30.0	0.258609	0.09221229535758242
14.0	50.0	30.0	34.0	0.204959	0.11612210177220098
3.0	12.0	10.0	11.0	5.29882	0.005327680958514842
21.0	48.0	39.0	42.0	0.678722	0.03567337371061383
14.0	50.0	34.0	38.0	0.22519	0.1057678620001144
48.0	57.0	53.0	54.0	1.67024	0.015012591585607344
14.0	50.0	38.0	42.0	0.434021	0.05529567936111564
14.0	59.0	29.0	34.0	0.191348	0.12432025583013585
1.0	63.0	42.0	49.0	0.184025	0.12923278613429548
23.0	41.0	35.0	37.0	1.49143	0.01670820565031033
9.0	63.0	27.0	33.0	0.168737	0.140862806792779
14.0	59.0	34.0	39.0	0.141796	0.16746125932748404
14.0	59.0	39.0	44.0	0.157894	0.15047650465890294
5.0	32.0	26.0	29.0	3.03789	0.00864550131411973
13.0	49.0	17.0	21.0	1.82673	0.013801016564020016
25.0	34.0	27.0	28.0	3.40614	0.007804832031898647
25.0	34.0	32.0	33.0	9.60923	0.003327967413817267
14.0	59.0	44.0	49.0	0.271259	0.0879525886657722
12.0	48.0	24.0	28.0	0.26254	0.09084462671415747
15.0	24.0	16.0	17.0	8.09392	0.0037881932073886293
15.0	24.0	21.0	22.0	3.20568	0.008238504673960322
36.0	63.0	42.0	45.0	0.658147	0.03676140647404926
15.0	24.0	17.0	18.0	3.18372	0.008289331649107346
15.0	24.0	22.0	23.0	9.46404	0.0033656801906849815
16.0	61.0	31.0	36.0	0.175486	0.1354788248850329
15.0	24.0	18.0	19.0	2.14992	0.011857097335936892
15.0	24.0	20.0	21.0	1.83928	0.01371278205402493
15.0	33.0	25.0	27.0	0.591016	0.04083819265584075
16.0	34.0	28.0	30.0	1.55456	0.016065011052857854
15.0	42.0	21.0	24.0	0.803179	0.030280353860633356
15.0	42.0	24.0	27.0	0.366305	0.06535699255814942
1.0	18.0	6.0	8.0	0.665131	0.03638453688244351
15.0	42.0	30.0	33.0	0.344239	0.06949068021065993
16.0	43.0	28.0	31.0	0.284611	0.08386725579837642
15.0	42.0	36.0	39.0	3.28646	0.008057382220540657
17.0	35.0	23.0	25.0	0.734294	0.033039402141626935
8.0	17.0	13.0	14.0	1.84221	0.013692355382816736
15.0	51.0	19.0	23.0	2.09119	0.01216567264279577
15.0	51.0	23.0	27.0	0.519856	0.04630924162897092
15.0	51.0	27.0	31.0	0.258847	0.09212830930913041
15.0	51.0	31.0	35.0	0.195764	0.12153548623113468
4.0	13.0	11.0	12.0	5.89938	0.004873856574901632
15.0	51.0	35.0	39.0	0.222042	0.10725505541666652
49.0	58.0	54.0	55.0	1.73769	0.014463622695412999
30.0	48.0	42.0	44.0	1.38982	0.017866161448405242
15.0	51.0	39.0	43.0	0.421883	0.05686156963377757
15.0	60.0	40.0	45.0	0.153588	0.15467088757007896
16.0	25.0	20.0	21.0	1.59153	0.015712035932998393
16.0	25.0	21.0	22.0	1.79866	0.014002823429498108
17.0	26.0	19.0	20.0	3.61016	0.0074129090229160454
18.0	63.0	28.0	33.0	0.330481	0.07234738721429959
16.0	34.0	18.0	20.0	5.09388	0.005507036920313883
13.0	58.0	23.0	28.0	0.377133	0.06350547503567575
16.0	34.0	20.0	22.0	1.52241	0.016385903002936398
16.0	34.0	24.0	26.0	0.500617	0.04805550925399829
16.0	43.0	19.0	22.0	3.17269	0.008315126318682572
16.0	43.0	22.0	25.0	0.833388	0.02921426421920057
16.0	43.0	31.0	34.0	0.329222	0.07262072983068713
17.0	44.0	29.0	32.0	0.278921	0.08556040930173951
16.0	52.0	20.0	24.0	2.0914	0.012164538400966119
16.0	52.0	24.0	28.0	0.497679	0.04833406610510595
16.0	52.0	28.0	32.0	0.25644	0.09298488184998935
16.0	52.0	36.0	40.0	0.221579	0.10747735273541184
9.0	27.0	15.0	17.0	0.652701	0.03706087929592849
16.0	61.0	26.0	31.0	0.353407	0.06771053123905103
16.0	61.0	41.0	46.0	0.150746	0.15757048665062706
17.0	26.0	20.0	21.0	2.03761	0.012462705925169725
1.0	63.0	49.0	56.0	0.744287	0.03260748301495501
17.0	26.0	22.0	23.0	1.96808	0.012872273324101735
17.0	35.0	19.0	21.0	5.03802	0.005558454223733925
17.0	35.0	21.0	23.0	1.45949	0.017054821067156667
10.0	55.0	15.0	20.0	1.35319	0.018326244827077703
17.0	35.0	25.0	27.0	0.47561	0.05053648195377454
22.0	40.0	30.0	32.0	0.511186	0.04707992155580306
17.0	35.0	27.0	29.0	0.695428	0.03483729851373831
22.0	40.0	32.0	34.0	0.65084	0.03716436368035613
17.0	44.0	20.0	23.0	3.06308	0.008581555113546838
17.0	44.0	23.0	26.0	0.804368	0.03023687965182929
17.0	44.0	32.0	35.0	0.309868	0.07710221662213687
17.0	44.0	38.0	41.0	3.18553	0.00828511585908409
17.0	53.0	21.0	25.0	2.0198	0.01256492959079937
2.0	11.0	3.0	4.0	4.29176	0.006373743651746143
17.0	62.0	22.0	27.0	1.42652	0.017428894547703057
17.0	62.0	27.0	32.0	0.343809	0.06957650408281914
32.0	59.0	50.0	53.0	0.698952	0.03466603954003739
6.0	24.0	18.0	20.0	1.31149	0.018881291180518043
17.0	62.0	47.0	52.0	0.297832	0.08018292829487095
17.0	62.0	52.0	57.0	1.16543	0.02113863172186687
25.0	61.0	37.0	41.0	0.191992	0.12390616485125262
32.0	41.0	37.0	38.0	2.45118	0.010506701999349298
3.0	30.0	18.0	21.0	0.288637	0.08270957974667598
18.0	27.0	19.0	20.0	9.08984	0.0034684316359346315
1.0	54.0	30.0	36.0	0.154003	0.15425643141612141
18.0	27.0	23.0	24.0	2.15761	0.011817936851496897
33.0	51.0	47.0	49.0	5.07137	0.0055276203836411115
4.0	40.0	28.0	32.0	0.469056	0.05123046318644613
19.0	37.0	29.0	31.0	0.747145	0.032486078773862746
18.0	36.0	26.0	28.0	0.491236	0.04895660371113214
23.0	41.0	31.0	33.0	0.487875	0.04928787723219721
32.0	50.0	46.0	48.0	5.51041	0.005156502535892565
18.0	36.0	28.0	30.0	0.733461	0.0330759376334171
18.0	45.0	24.0	27.0	0.752502	0.03226100439754809
27.0	54.0	45.0	48.0	0.631577	0.038271345132516774
18.0	45.0	27.0	30.0	0.351187	0.06813306007957244
18.0	45.0	33.0	36.0	0.302586	0.07893681952873377
18.0	45.0	36.0	39.0	0.672857	0.035976742065833164
23.0	50.0	41.0	44.0	0.683665	0.035421737985302584
1.0	63.0	21.0	28.0	0.133898	0.17728769513685938
24.0	51.0	39.0	42.0	0.312354	0.07649548827622905
7.0	16.0	13.0	14.0	3.12319	0.00843313015207435
18.0	54.0	42.0	46.0	0.395099	0.06065729202853204
18.0	54.0	46.0	50.0	1.69936	0.01477024100702517
19.0	46.0	25.0	28.0	0.711726	0.03405946568015621
24.0	51.0	30.0	33.0	0.719113	0.03371852793089258
34.0	61.0	46.0	49.0	0.225441	0.10565107118746127
10.0	46.0	34.0	38.0	0.405994	0.05905286987241755
25.0	52.0	28.0	31.0	2.90643	0.008997206423851808
18.0	63.0	23.0	28.0	1.3952	0.01780062178403553
18.0	63.0	38.0	43.0	0.129675	0.18303292880191546
21.0	30.0	26.0	27.0	1.89418	0.01334054447815925
18.0	63.0	43.0	48.0	0.145947	0.16272309036801544
18.0	63.0	48.0	53.0	0.321521	0.07433929455273823
24.0	60.0	32.0	36.0	0.386398	0.06200360283051071
19.0	28.0	20.0	21.0	9.29703	0.0034105174066443996
12.0	57.0	17.0	22.0	1.32244	0.018732152560322325
19.0	37.0	27.0	29.0	0.51961	0.0463307541598985
24.0	42.0	32.0	34.0	0.460691	0.05214488901309619
19.0	37.0	31.0	33.0	1.65957	0.015103521530034707
24.0	42.0	26.0	28.0	4.61794	0.005984975592365864
25.0	43.0	29.0	31.0	1.43688	0.017309501688531435
4.0	40.0	32.0	36.0	1.89111	0.013360789455712714
19.0	37.0	33.0	35.0	5.24874	0.005370216019038631
19.0	46.0	22.0	25.0	3.08959	0.008515384143806981
19.0	46.0	34.0	37.0	0.303217	0.07877436046561719
19.0	46.0	40.0	43.0	3.08185	0.008534586104440951
8.0	17.0	14.0	15.0	3.6172	0.007400174266307922
19.0	55.0	43.0	47.0	0.390998	0.06128437681536132
19.0	55.0	47.0	51.0	1.85015	0.013637326412194709
20.0	29.0	22.0	23.0	3.38225	0.007853817234859665
6.0	42.0	34.0	38.0	1.9017	0.013291230328441922
26.0	44.0	40.0	42.0	5.78759	0.004951198644472174
20.0	29.0	23.0	24.0	2.11066	0.01206147182190937
26.0	44.0	36.0	38.0	0.610894	0.039537650151681675
20.0	29.0	25.0	26.0	1.81464	0.013887171154395632
20.0	29.0	27.0	28.0	10.1016	0.0032081472829390977
14.0	50.0	42.0	46.0	1.8638	0.013543819575346866
20.0	38.0	22.0	24.0	4.73744	0.005855944950196364
39.0	48.0	41.0	42.0	4.70004	0.005895622357664326
20.0	38.0	24.0	26.0	1.39963	0.01774703336089744
39.0	48.0	43.0	44.0	1.7317	0.014510644449463565
20.0	38.0	26.0	28.0	0.627117	0.038537342256398
21.0	39.0	29.0	31.0	0.51147	0.0470542627650335
20.0	38.0	28.0	30.0	0.520092	0.04628862271766006
39.0	48.0	42.0	43.0	2.3172	0.011063911113145173
1.0	36.0	24.0	28.0	0.405301	0.05915235379615938
20.0	38.0	30.0	32.0	0.752242	0.03227185428101434
39.0	57.0	43.0	45.0	1.47471	0.016887779765503777
1.0	45.0	30.0	35.0	0.305798	0.07811682863842052
3.0	21.0	17.0	19.0	4.77348	0.005818298596835055
20.0	47.0	26.0	29.0	0.703113	0.03446603392053843
20.0	47.0	29.0	32.0	0.343282	0.06968198145568462
20.0	47.0	32.0	35.0	0.246535	0.0966857796297371
20.0	47.0	35.0	38.0	0.305427	0.07821066016984436
20.0	47.0	38.0	41.0	0.670822	0.03608324248167474
31.0	49.0	33.0	35.0	5.37444	0.0052649558748382504
25.0	61.0	53.0	57.0	1.64919	0.01519310915994338
18.0	27.0	24.0	25.0	3.49699	0.007624660982222833
23.0	32.0	24.0	25.0	9.49299	0.0033580684157342748
20.0	56.0	32.0	36.0	0.206798	0.11509719263843886
20.0	56.0	36.0	40.0	0.170192	0.1396659822405082
23.0	32.0	27.0	28.0	1.56227	0.015990020292328776
20.0	56.0	40.0	44.0	0.200751	0.1185379407407459
35.0	62.0	38.0	41.0	3.24026	0.008159864960274295
20.0	56.0	44.0	48.0	0.380707	0.06291746313994279
5.0	23.0	17.0	19.0	1.41491	0.017564770468686673
16.0	61.0	51.0	56.0	1.19138	0.020697144817687887
22.0	49.0	31.0	34.0	0.314319	0.07602270532129479
2.0	20.0	14.0	16.0	1.5606	0.016006200561322154
20.0	56.0	48.0	52.0	1.76064	0.014286425523743965
13.0	49.0	33.0	37.0	0.226574	0.10512710423299872
21.0	30.0	25.0	26.0	1.464	0.017004961178600394
21.0	30.0	27.0	28.0	3.80249	0.007081953629471751
15.0	51.0	43.0	47.0	1.77387	0.014186360004593975
21.0	39.0	23.0	25.0	4.63257	0.0059688211856883415
21.0	39.0	27.0	29.0	0.628693	0.03844291747753387
21.0	48.0	24.0	27.0	2.68945	0.00965291871511245
14.0	50.0	22.0	26.0	0.513838	0.046841423242530045
21.0	48.0	27.0	30.0	0.685146	0.03534705089384716
4.0	22.0	16.0	18.0	1.38082	0.01797694208222259
15.0	60.0	50.0	55.0	1.17945	0.020897697080162078
21.0	48.0	30.0	33.0	0.330026	0.07244593201303927
31.0	58.0	46.0	49.0	0.291106	0.08201545921119457
2.0	47.0	27.0	32.0	0.190865	0.1246326578756304
5.0	23.0	19.0	21.0	4.24566	0.006433507320158313
22.0	49.0	28.0	31.0	0.683078	0.03545143011973343
45.0	63.0	53.0	55.0	0.49284	0.04880009980167672
12.0	39.0	18.0	21.0	0.776749	0.03128109344216478
21.0	48.0	36.0	39.0	0.310397	0.07697229591077376
4.0	31.0	16.0	19.0	0.222349	0.10710816785338431
19.0	28.0	22.0	23.0	2.0503	0.012390952917677774
21.0	57.0	25.0	29.0	1.67684	0.01495692553731622
19.0	28.0	25.0	26.0	3.13609	0.008402018738135451
24.0	33.0	25.0	26.0	9.2317	0.0034284979869858533
24.0	33.0	30.0	31.0	4.16	0.006548073515112384
21.0	57.0	33.0	37.0	0.200576	0.1186406047752561
21.0	57.0	41.0	45.0	0.195058	0.12197222833901458
22.0	31.0	25.0	26.0	1.72199	0.014587563322011585
22.0	31.0	27.0	28.0	2.03529	0.012475920633583224
22.0	40.0	36.0	38.0	5.95002	0.00483977765184854
22.0	49.0	25.0	28.0	2.50372	0.010304471773220749
22.0	49.0	34.0	37.0	0.240976	0.09889613071464681
22.0	49.0	43.0	46.0	2.99648	0.008752959316987916
22.0	58.0	26.0	30.0	1.6763	0.014961463567200654
22.0	58.0	30.0	34.0	0.410218	0.05845375990749637
22.0	58.0	38.0	42.0	0.161527	0.14711160897034092
22.0	58.0	46.0	50.0	0.391693	0.0611771801142891
16.0	25.0	19.0	20.0	2.10432	0.012095190936116013
22.0	58.0	50.0	54.0	1.72658	0.014551095290908731
23.0	32.0	26.0	27.0	1.78812	0.0140802360618462
21.0	57.0	37.0	41.0	0.162959	0.1458265102181404
24.0	33.0	29.0	30.0	2.2124	0.011546804296692938
23.0	32.0	28.0	29.0	2.24049	0.011412940838111158
1.0	54.0	36.0	42.0	0.244189	0.09760631459585509
23.0	32.0	29.0	30.0	4.05338	0.006697437189643307
14.0	41.0	17.0	20.0	2.76547	0.009411476948015043
23.0	50.0	35.0	38.0	0.243258	0.09797654613698507
23.0	50.0	38.0	41.0	0.315668	0.07570154068488731
23.0	50.0	44.0	47.0	3.07153	0.008560339257019678
5.0	41.0	25.0	29.0	0.218747	0.10885754474038252
25.0	43.0	31.0	33.0	0.646698	0.03739682532297984
35.0	44.0	42.0	43.0	12.3831	0.0027773054274940773
35.0	44.0	37.0	38.0	3.90209	0.006923387312903533
6.0	33.0	18.0	21.0	0.224368	0.10615216941325165
23.0	59.0	27.0	31.0	1.75658	0.014317435718766286
31.0	40.0	32.0	33.0	10.9205	0.0030327934987847893
26.0	35.0	27.0	28.0	9.05837	0.0034774599656277674
26.0	35.0	32.0	33.0	3.73307	0.007197476336503354
23.0	59.0	35.0	39.0	0.194151	0.12253797350308245
24.0	33.0	27.0	28.0	1.9457	0.013010330319467623
24.0	33.0	28.0	29.0	1.75282	0.014346282645617534
24.0	42.0	28.0	30.0	1.40923	0.017632061099828084
24.0	42.0	34.0	36.0	0.589596	0.04093445391530759
24.0	42.0	36.0	38.0	1.48854	0.016738956096416947
4.0	31.0	13.0	16.0	0.279579	0.08536108644872052
25.0	43.0	39.0	41.0	5.82136	0.004927521691713904
33.0	60.0	45.0	48.0	0.218845	0.10880918718883653
24.0	51.0	27.0	30.0	2.84951	0.009159556239696772
24.0	51.0	33.0	36.0	0.299893	0.07963785203514849
15.0	42.0	18.0	21.0	3.19123	0.008271870857572743
24.0	51.0	36.0	39.0	0.243847	0.0977419895097903
24.0	51.0	42.0	45.0	0.657198	0.03681323442454643
15.0	42.0	27.0	30.0	0.283444	0.08420897459523655
24.0	51.0	45.0	48.0	2.82428	0.009233611562011025
26.0	44.0	32.0	34.0	0.586592	0.04113962975813405
31.0	58.0	49.0	52.0	0.70355	0.03444516604182885
8.0	17.0	15.0	16.0	8.31918	0.003709168733511182
24.0	60.0	44.0	48.0	0.18354	0.12957198246596155
24.0	60.0	48.0	52.0	0.422218	0.05681714406475011
30.0	48.0	32.0	34.0	5.36962	0.00526890124021472
24.0	60.0	52.0	56.0	1.65275	0.015162256749427455
22.0	58.0	34.0	38.0	0.195016	0.12199830981956875
25.0	34.0	26.0	27.0	9.35277	0.0033953748418893764
25.0	34.0	31.0	32.0	4.0221	0.0067427596546141035
26.0	35.0	29.0	30.0	1.99543	0.01270776228428435
25.0	34.0	28.0	29.0	2.04944	0.012395787542675039
2.0	56.0	32.0	38.0	0.145058	0.16371502228669013
25.0	34.0	30.0	31.0	2.29722	0.01115257491248965
25.0	43.0	27.0	29.0	4.69542	0.005900567547159289
2.0	11.0	6.0	7.0	1.27579	0.019385303324701245
25.0	43.0	35.0	37.0	0.602748	0.040060238509199125
26.0	44.0	38.0	40.0	1.5178	0.016433030210903234
25.0	43.0	37.0	39.0	1.48876	0.016736611033810304
5.0	50.0	30.0	35.0	0.186696	0.12739633654933624
25.0	52.0	31.0	34.0	0.695266	0.034845213110843244
25.0	52.0	34.0	37.0	0.300262	0.07954105175228621
34.0	61.0	55.0	58.0	2.21934	0.011513416409156284
25.0	52.0	37.0	40.0	0.243824	0.0977511275050696
25.0	52.0	40.0	43.0	0.307999	0.07756481086959852
25.0	52.0	43.0	46.0	0.645914	0.037441161353661
9.0	63.0	51.0	57.0	0.94407	0.02589117103062787
10.0	55.0	40.0	45.0	0.292922	0.08151238777576146
13.0	31.0	27.0	29.0	5.76326	0.004968428954856046
25.0	61.0	29.0	33.0	1.88064	0.01343033049605332
25.0	61.0	33.0	37.0	0.385194	0.062194688916719754
9.0	18.0	12.0	13.0	1.61598	0.015487469410111483
25.0	61.0	41.0	45.0	0.15504	0.15323048949099563
9.0	18.0	16.0	17.0	8.67874	0.0035915297847960736
25.0	61.0	45.0	49.0	0.187416	0.12691025651745164
40.0	58.0	52.0	54.0	1.28036	0.01931921543709744
25.0	61.0	49.0	53.0	0.435357	0.05512865987423762
31.0	40.0	33.0	34.0	4.01752	0.006749454977538235
26.0	35.0	28.0	29.0	3.32529	0.00797345043245457
26.0	35.0	33.0	34.0	9.4377	0.0033726462953803564
6.0	33.0	24.0	27.0	0.621168	0.03889808971682963
26.0	35.0	30.0	31.0	1.82568	0.013808453726025382
3.0	57.0	33.0	39.0	0.143064	0.1659847306980697
26.0	35.0	31.0	32.0	2.32499	0.011029754892488034
26.0	44.0	28.0	30.0	4.49878	0.006120464710122898
26.0	44.0	30.0	32.0	1.41924	0.017513835012577854
26.0	44.0	34.0	36.0	0.427462	0.056130794460832745
