61# Number of electrodes
# x z
0.0	141.8
4.0	142.04
6.0	142.31
8.0	142.308
10.0	142.415
12.0	142.43
14.0	142.61
16.0	142.67
18.0	142.675
20.0	142.625
22.0	142.675
24.0	142.78
26.0	142.775
28.0	142.72
30.0	142.63
32.0	142.647
34.0	142.74
36.0	142.76
38.0	142.74
40.0	142.805
42.0	142.78
44.0	142.74
46.0	142.76
48.0	142.69
50.0	142.72
52.0	142.73
54.0	142.803
56.0	142.79
58.0	142.822
60.0	142.787
62.0	142.845
64.0	142.853
66.0	142.857
68.0	142.9
70.0	142.905
72.0	142.95
74.0	142.95
76.0	142.93
78.0	142.96
80.0	143.01
82.0	143.017
84.0	143.02
86.0	143.05
88.0	143.08
90.0	143.11
92.0	143.11
94.0	143.18
96.0	143.175
98.0	143.185
100.0	143.2
102.0	143.285
104.0	143.23
106.0	142.915
112.0	142.184
114.0	142.23
116.0	142.08
118.0	142.235
120.0	142.023
122.0	141.913
124.0	142.035
126.0	141.975
1194# Number of data
# a b m n rho err
53.0	60.0	57.0	58.0	3.04061	0.0022484598530484977
53.0	60.0	56.0	57.0	2.35619	0.002839359955105833
53.0	60.0	55.0	56.0	1.45462	0.00446641404176075
53.0	60.0	54.0	55.0	1.60786	0.004061151224926953
52.0	59.0	57.0	58.0	6.87937	0.001113334106965706
52.0	59.0	56.0	57.0	3.84996	0.0018208163925300723
52.0	59.0	54.0	55.0	1.49042	0.004364276076133445
51.0	58.0	56.0	57.0	8.75754	0.0009205077028500303
51.0	58.0	54.0	55.0	1.81117	0.0036293203458731653
50.0	57.0	54.0	55.0	2.94845	0.0023120442241599164
50.0	57.0	51.0	52.0	6.19663	0.0012123975721694254
49.0	56.0	50.0	51.0	6.36872	0.0011854257483170276
53.0	60.0	58.0	59.0	6.99978	0.0010978676122093637
48.0	55.0	51.0	52.0	1.56576	0.004164587071118338
48.0	55.0	50.0	51.0	2.45025	0.002738586379315678
48.0	55.0	49.0	50.0	6.47325	0.0011697427601136056
47.0	54.0	52.0	53.0	1.44288	0.004501012020682893
47.0	54.0	50.0	51.0	1.51417	0.004299181814089617
47.0	54.0	49.0	50.0	2.53617	0.002653066336339335
47.0	54.0	48.0	49.0	7.56755	0.0010315704173995792
51.0	58.0	52.0	53.0	6.09752	0.0012286220630772593
45.0	61.0	57.0	59.0	3.88619	0.0018058385076669785
45.0	61.0	51.0	53.0	0.588124	0.010731261578943194
45.0	61.0	49.0	51.0	1.17348	0.005485145681781316
45.0	61.0	47.0	49.0	4.25485	0.0016679334685756146
44.0	60.0	56.0	58.0	4.73758	0.00151980931564647
44.0	60.0	54.0	56.0	1.42346	0.004559495896354929
44.0	53.0	49.0	50.0	1.79648	0.00365724595109477
44.0	53.0	48.0	49.0	1.62745	0.004014844832141275
44.0	53.0	47.0	48.0	1.93231	0.0034152216840050813
43.0	59.0	49.0	51.0	0.574659	0.010977689347035798
43.0	52.0	49.0	50.0	2.67341	0.0025278678203419255
43.0	52.0	47.0	48.0	1.57237	0.004147980349051874
43.0	52.0	46.0	47.0	1.87795	0.0035078792787872235
42.0	58.0	48.0	50.0	0.624819	0.010113606291931414
42.0	58.0	44.0	46.0	4.29763	0.0016534627564319504
41.0	57.0	51.0	53.0	0.504995	0.012462508351157978
41.0	57.0	49.0	51.0	0.425291	0.014757965806663961
41.0	57.0	45.0	47.0	1.34408	0.004816123346614776
41.0	57.0	43.0	45.0	4.15262	0.0017037212121076765
41.0	50.0	48.0	49.0	6.588	0.0011530994722551778
41.0	50.0	46.0	47.0	1.68728	0.0038800768919846113
41.0	50.0	45.0	46.0	1.51864	0.004287158049850199
40.0	56.0	48.0	50.0	0.487274	0.012907949475224317
40.0	56.0	46.0	48.0	0.683229	0.00926729704152778
40.0	56.0	44.0	46.0	1.38749	0.004672144991950124
40.0	56.0	42.0	44.0	4.19805	0.0016876023143834512
40.0	49.0	47.0	48.0	6.56604	0.0011562395299093647
40.0	49.0	46.0	47.0	2.61781	0.002577007633628561
40.0	49.0	45.0	46.0	1.72954	0.003790504509813004
40.0	49.0	44.0	45.0	1.53222	0.004251059794779808
40.0	49.0	43.0	44.0	1.84895	0.003559538898738485
40.0	49.0	42.0	43.0	3.04275	0.002247029151050139
44.0	60.0	46.0	48.0	4.29484	0.0016543977111819648
39.0	55.0	51.0	53.0	1.07362	0.005975407055013991
39.0	55.0	49.0	51.0	0.565719	0.011147783326544425
44.0	60.0	50.0	52.0	0.581224	0.010856114598575042
39.0	55.0	45.0	47.0	0.698771	0.009065939388356732
44.0	53.0	50.0	51.0	2.97403	0.0022940005976608024
44.0	53.0	45.0	46.0	8.77735	0.0009189136550856382
39.0	48.0	45.0	46.0	2.90723	0.0023417880773977696
39.0	48.0	40.0	41.0	8.06114	0.0009815235394126773
43.0	59.0	47.0	49.0	1.35976	0.004763056769092834
43.0	59.0	45.0	47.0	4.30058	0.0016524755036562322
38.0	54.0	50.0	52.0	1.10252	0.005824390981530223
38.0	54.0	48.0	50.0	0.612492	0.010312841069343028
43.0	59.0	51.0	53.0	0.43103	0.014564321409834253
38.0	54.0	46.0	48.0	0.529514	0.011895354834319711
38.0	54.0	44.0	46.0	0.704299	0.008996462798966145
38.0	54.0	40.0	42.0	4.26865	0.0016632338059089805
43.0	52.0	50.0	51.0	6.64684	0.0011447882240952498
43.0	52.0	45.0	46.0	3.19866	0.002147945495240724
38.0	47.0	45.0	46.0	7.89966	0.0009972082416472073
43.0	52.0	44.0	45.0	8.58934	0.0009343384763342438
38.0	47.0	44.0	45.0	3.07591	0.0022251143754614907
38.0	47.0	43.0	44.0	1.87391	0.003514980139801008
38.0	47.0	41.0	42.0	1.94444	0.0033952528892195557
38.0	47.0	40.0	41.0	3.0308	0.0022550442106591176
52.0	59.0	55.0	56.0	1.79875	0.003652900898231064
38.0	47.0	39.0	40.0	8.22307	0.0009664137202768047
42.0	58.0	46.0	48.0	1.35754	0.004770495527927694
42.0	58.0	50.0	52.0	0.429072	0.014629805743901643
42.0	51.0	44.0	45.0	3.17059	0.0021650652148994497
37.0	46.0	44.0	45.0	8.30226	0.0009592390420776496
37.0	46.0	40.0	41.0	1.88607	0.003493699266801196
51.0	58.0	55.0	56.0	2.8635	0.0023742792435744575
37.0	46.0	39.0	40.0	3.29082	0.0020937912310184633
42.0	51.0	43.0	44.0	8.74225	0.0009217429803614283
37.0	46.0	43.0	44.0	3.15369	0.0021755193959962157
37.0	46.0	38.0	39.0	9.19673	0.0008867790280692638
36.0	61.0	48.0	51.0	0.225723	0.027616495142968166
36.0	61.0	45.0	48.0	0.339127	0.01845318064129786
36.0	45.0	41.0	42.0	1.93411	0.003412242639891441
36.0	45.0	40.0	41.0	1.56705	0.004161335119591373
36.0	45.0	39.0	40.0	2.02681	0.0032659751102965227
41.0	50.0	42.0	43.0	8.0936	0.000978446219013232
36.0	45.0	42.0	43.0	3.16438	0.0021688936852201886
36.0	45.0	37.0	38.0	8.72266	0.000923331983191759
35.0	60.0	54.0	57.0	3.22433	0.0021325504593340547
35.0	60.0	53.0	54.0	0.724738	0.008748786790650824
35.0	60.0	47.0	50.0	0.242103	0.025762535339683708
35.0	60.0	44.0	47.0	0.336286	0.01860726639222451
35.0	53.0	49.0	51.0	4.12799	0.001712608433210279
35.0	53.0	47.0	49.0	1.46572	0.004434211896009861
35.0	53.0	41.0	43.0	0.71253	0.008895012162371069
35.0	53.0	39.0	41.0	1.48274	0.004385771694724869
35.0	53.0	37.0	39.0	4.92026	0.0014713353227805413
35.0	44.0	39.0	40.0	1.64536	0.003973474462897511
35.0	44.0	38.0	39.0	2.19931	0.003026614869484195
35.0	44.0	41.0	42.0	3.21846	0.0021360492092594064
35.0	44.0	36.0	37.0	9.04323	0.0008981950230116519
34.0	59.0	49.0	52.0	0.270871	0.02304916302801401
34.0	59.0	37.0	40.0	3.05117	0.0022414194228984855
34.0	52.0	48.0	50.0	3.77001	0.0018548871782845394
34.0	52.0	46.0	48.0	1.36596	0.004742409916974378
34.0	43.0	39.0	40.0	1.85591	0.003546993352893593
34.0	43.0	38.0	39.0	1.7457	0.003757398751903431
33.0	58.0	48.0	51.0	0.279238	0.02236494401188291
33.0	58.0	42.0	45.0	0.315143	0.019841259000801158
33.0	51.0	45.0	47.0	1.32388	0.004886339984438312
33.0	51.0	43.0	45.0	0.685272	0.009240307128278022
33.0	51.0	39.0	41.0	0.661266	0.009567981912676979
33.0	42.0	39.0	40.0	2.99901	0.002276677259781666
33.0	42.0	37.0	38.0	1.66713	0.003924384757217302
33.0	42.0	36.0	37.0	2.16473	0.003071540812833727
32.0	57.0	53.0	54.0	2.47597	0.002712363668286693
32.0	57.0	47.0	50.0	0.295282	0.021161395606596044
32.0	57.0	44.0	47.0	0.249082	0.025046700083956732
32.0	57.0	38.0	41.0	0.738603	0.008588576586274764
32.0	50.0	34.0	36.0	5.62713	0.001313419026318333
32.0	41.0	39.0	40.0	8.32412	0.0009572825508891329
32.0	41.0	36.0	37.0	1.78143	0.0036863335419333072
31.0	56.0	43.0	46.0	0.25342	0.02462162199653421
31.0	56.0	37.0	40.0	0.725524	0.008739540828088869
31.0	49.0	45.0	47.0	3.59347	0.0019354897683507436
31.0	49.0	43.0	45.0	1.27665	0.005059186200213643
31.0	49.0	39.0	41.0	0.46832	0.013421694150097772
31.0	49.0	35.0	37.0	1.58852	0.00410798702598154
31.0	40.0	37.0	38.0	3.01734	0.0022641480782413254
31.0	40.0	36.0	37.0	1.98643	0.003328010913802739
31.0	40.0	34.0	35.0	2.37701	0.00281636662846411
30.0	55.0	48.0	51.0	0.619353	0.01020097170916932
30.0	55.0	42.0	45.0	0.246767	0.02527966148569786
30.0	55.0	36.0	39.0	0.715053	0.008864382778269253
30.0	55.0	33.0	36.0	3.23422	0.002126684356795581
49.0	56.0	54.0	55.0	8.53556	0.0009388757125005154
30.0	48.0	44.0	46.0	3.96223	0.001775293460691916
49.0	56.0	52.0	53.0	1.52263	0.0042764850604130895
30.0	48.0	40.0	42.0	0.616141	0.0102530335575374
30.0	48.0	38.0	40.0	0.494454	0.012723623002803263
49.0	56.0	51.0	52.0	2.49167	0.0026966228918099745
30.0	48.0	34.0	36.0	1.59839	0.004083943170289075
30.0	39.0	37.0	38.0	7.93251	0.0009939657508892252
30.0	39.0	36.0	37.0	3.20094	0.002146568122020226
30.0	39.0	35.0	36.0	2.09917	0.00316077884789095
30.0	39.0	34.0	35.0	1.88242	0.0035000581512005273
30.0	39.0	33.0	34.0	2.22982	0.0029881336919365896
30.0	39.0	32.0	33.0	3.1524	0.0021763219823873535
30.0	39.0	31.0	32.0	10.3846	0.0008098468362291436
29.0	54.0	47.0	50.0	0.662269	0.009553815734042527
29.0	54.0	32.0	35.0	2.74963	0.0024637333489339877
43.0	59.0	55.0	57.0	4.95866	0.0014616002042964172
29.0	47.0	39.0	41.0	0.607206	0.010400754066193283
34.0	52.0	42.0	44.0	0.530301	0.011878019299676698
29.0	47.0	37.0	39.0	0.499962	0.012585808970063816
34.0	52.0	40.0	42.0	0.671204	0.009429488006666084
29.0	47.0	35.0	37.0	0.688417	0.009199071892957577
34.0	43.0	40.0	41.0	2.94387	0.002315307963630926
34.0	43.0	35.0	36.0	9.30453	0.000878986950184831
29.0	38.0	35.0	36.0	3.51618	0.0019733253648664983
29.0	38.0	33.0	34.0	1.81904	0.0036145450676257538
33.0	51.0	37.0	39.0	1.52622	0.004266929738409664
28.0	46.0	42.0	44.0	4.24282	0.0016720552899482197
42.0	58.0	54.0	56.0	4.0278	0.001749880222607373
28.0	46.0	38.0	40.0	0.643405	0.009827643403692812
33.0	51.0	41.0	43.0	0.512561	0.012281709318915882
28.0	46.0	36.0	38.0	0.494861	0.012713334606439345
28.0	46.0	34.0	36.0	0.698545	0.009068803181064379
28.0	46.0	32.0	34.0	1.39874	0.004636290128979994
28.0	37.0	33.0	34.0	2.12171	0.0031294760845138074
28.0	37.0	31.0	32.0	2.49641	0.0026919094917195797
28.0	37.0	30.0	31.0	3.92095	0.0017917285134857938
42.0	51.0	47.0	48.0	1.74025	0.003768495038083269
28.0	37.0	29.0	30.0	9.35882	0.0008751306866323213
27.0	61.0	47.0	51.0	0.175352	0.03548797587153185
27.0	61.0	43.0	47.0	0.150977	0.0411828681062649
27.0	61.0	39.0	43.0	0.164313	0.037857763815325365
27.0	61.0	35.0	39.0	0.379228	0.016524524341908167
27.0	61.0	31.0	35.0	1.92513	0.0034271601900039105
27.0	45.0	39.0	41.0	1.26535	0.005102453353825001
32.0	50.0	40.0	42.0	0.486359	0.012931830518704621
27.0	45.0	35.0	37.0	0.509296	0.012359071688409032
27.0	45.0	33.0	35.0	0.675019	0.009377406155749229
27.0	45.0	31.0	33.0	1.48111	0.0043903625931872034
27.0	45.0	29.0	31.0	5.06825	0.0014346283398850759
32.0	41.0	34.0	35.0	4.13509	0.0017100356858173915
27.0	36.0	34.0	35.0	9.03407	0.0008988885300080028
27.0	36.0	30.0	31.0	2.26385	0.0029464364916250052
41.0	50.0	47.0	48.0	2.63387	0.0025626005696794663
27.0	36.0	29.0	30.0	3.63352	0.0019165173215871004
26.0	60.0	46.0	50.0	0.190719	0.032645827096877626
26.0	60.0	42.0	46.0	0.150929	0.041195897378319205
26.0	60.0	38.0	42.0	0.165801	0.0375199275545457
26.0	60.0	34.0	38.0	0.377093	0.01661686892269096
26.0	60.0	30.0	34.0	1.91854	0.0034381963222358944
26.0	53.0	47.0	50.0	2.77762	0.0024410650875747275
26.0	53.0	44.0	47.0	0.816081	0.007793522876493006
26.0	53.0	41.0	44.0	0.353155	0.01772869391863377
26.0	53.0	38.0	41.0	0.234533	0.026587155884394476
26.0	53.0	35.0	38.0	0.29471	0.021202051787822748
11.0	20.0	15.0	16.0	1.21849	0.005290442184501697
11.0	20.0	14.0	15.0	1.95419	0.0033793818383535848
16.0	25.0	18.0	19.0	2.48325	0.0027050400119314603
16.0	25.0	23.0	24.0	8.36267	0.0009538572124231356
21.0	30.0	23.0	24.0	2.85168	0.0023832325180853666
17.0	26.0	21.0	22.0	1.51293	0.004302529853906225
14.0	32.0	16.0	18.0	3.73701	0.0018693752163611921
29.0	47.0	43.0	45.0	4.17334	0.0016963260756381882
10.0	37.0	31.0	34.0	3.08339	0.002220236149476219
11.0	38.0	29.0	32.0	0.789444	0.00804925961174379
16.0	52.0	44.0	48.0	1.87443	0.003514064451239047
23.0	50.0	26.0	29.0	2.71744	0.002490380400129556
10.0	37.0	19.0	22.0	0.249713	0.024983950873769274
29.0	38.0	34.0	35.0	2.24043	0.002974997284830639
10.0	28.0	22.0	24.0	1.43062	0.004537748570422854
18.0	36.0	22.0	24.0	1.33279	0.004855105829650615
43.0	52.0	48.0	49.0	1.79592	0.0036583195475143036
10.0	28.0	18.0	20.0	0.379661	0.016505922587150963
7.0	25.0	9.0	11.0	3.51569	0.001973570540218789
15.0	42.0	33.0	36.0	0.798281	0.00796252546009771
10.0	28.0	12.0	14.0	4.73639	0.0015201373394425621
16.0	43.0	25.0	28.0	0.392659	0.01596662634997122
10.0	19.0	17.0	18.0	6.82764	0.0011201462788444888
11.0	54.0	31.0	36.0	0.130831	0.04749142142886913
31.0	56.0	40.0	43.0	0.297319	0.02101788176402061
10.0	19.0	15.0	16.0	1.40185	0.004626479784681769
15.0	33.0	19.0	21.0	1.12877	0.00569392425258476
12.0	55.0	27.0	32.0	0.177927	0.034977486088544806
18.0	27.0	20.0	21.0	2.61796	0.002576872254245379
10.0	19.0	13.0	14.0	2.11225	0.0031425324468900137
5.0	41.0	9.0	13.0	1.58678	0.004112256773986085
9.0	61.0	45.0	51.0	0.20427	0.030494357583480878
9.0	18.0	15.0	16.0	2.35879	0.002836466370651186
9.0	61.0	33.0	39.0	0.101992	0.06085940271750774
2.0	47.0	37.0	42.0	1.26289	0.005111975203357123
11.0	20.0	16.0	17.0	1.5504	0.00420372381254214
34.0	52.0	38.0	40.0	1.54788	0.004210218853487691
9.0	45.0	37.0	41.0	1.76259	0.003723446300457976
9.0	45.0	17.0	21.0	0.324061	0.01930113256198432
30.0	48.0	36.0	38.0	0.669573	0.009451935295424417
9.0	45.0	13.0	17.0	1.74617	0.003756445068720478
9.0	45.0	29.0	33.0	0.21886	0.028475774129428134
2.0	11.0	8.0	9.0	3.26549	0.002108370814083566
9.0	36.0	27.0	30.0	0.76075	0.008344781875992137
9.0	27.0	19.0	21.0	0.563291	0.011194911163370399
8.0	26.0	16.0	18.0	0.415999	0.015082823475265123
9.0	18.0	13.0	14.0	1.71466	0.0038215398639177573
2.0	47.0	22.0	27.0	0.146952	0.04230499505681516
9.0	18.0	10.0	11.0	5.83582	0.001274111546193643
8.0	60.0	32.0	38.0	0.103636	0.05989737526840263
2.0	47.0	32.0	37.0	0.332507	0.018816306544387443
33.0	58.0	39.0	42.0	0.706615	0.008967678143744752
8.0	53.0	38.0	43.0	0.337971	0.018515565390046236
12.0	21.0	14.0	15.0	4.12105	0.001715131770763797
8.0	53.0	33.0	38.0	0.173684	0.03582673258526474
8.0	53.0	28.0	33.0	0.14126	0.04400102138351371
8.0	53.0	23.0	28.0	0.18396	0.0338374188411184
7.0	16.0	14.0	15.0	6.74693	0.0011309833750774987
2.0	38.0	10.0	14.0	0.537016	0.011732171881167106
8.0	44.0	36.0	40.0	1.83712	0.003581080820958023
2.0	29.0	11.0	14.0	0.434383	0.014453553072818912
42.0	51.0	48.0	49.0	2.68567	0.0025173061002151777
8.0	35.0	29.0	32.0	3.35064	0.0020602347112424254
8.0	35.0	23.0	26.0	0.311466	0.02007296523580852
8.0	35.0	11.0	14.0	2.85783	0.002378564846023257
7.0	43.0	27.0	31.0	0.225708	0.027618316230805726
8.0	26.0	12.0	14.0	1.49678	0.004346641993343607
17.0	60.0	32.0	37.0	0.140905	0.04411133907059508
7.0	34.0	28.0	31.0	3.38938	0.002039135122709477
9.0	61.0	21.0	27.0	0.252613	0.024699594118351556
18.0	36.0	24.0	26.0	0.699312	0.009059091545075485
8.0	60.0	38.0	44.0	0.121581	0.05108831644170622
10.0	28.0	16.0	18.0	0.469979	0.013375072501238183
11.0	29.0	19.0	21.0	0.386481	0.016218432655146924
16.0	43.0	34.0	37.0	0.789951	0.008044230991043658
11.0	20.0	12.0	13.0	9.96444	0.0008349619087287797
7.0	59.0	19.0	25.0	0.215114	0.028967921425287875
28.0	46.0	30.0	32.0	5.40569	0.001358446791093551
8.0	44.0	24.0	28.0	0.188796	0.032976162359022905
2.0	54.0	8.0	14.0	1.11302	0.005771465812303518
7.0	52.0	27.0	32.0	0.145835	0.04262738264034087
9.0	18.0	11.0	12.0	3.23516	0.002126128676583241
50.0	57.0	55.0	56.0	6.49364	0.0011667424300160754
7.0	52.0	22.0	27.0	0.17508	0.03554277631127085
50.0	57.0	52.0	53.0	2.39394	0.0027979642020857765
7.0	52.0	12.0	17.0	1.24931	0.005165213779313915
32.0	50.0	36.0	38.0	1.55881	0.004182199888344544
27.0	45.0	41.0	43.0	4.28348	0.001658217127503443
7.0	43.0	35.0	39.0	1.90131	0.0034674125329255128
7.0	43.0	31.0	35.0	0.473516	0.013276765522389638
7.0	43.0	23.0	27.0	0.182183	0.03416537710490517
7.0	43.0	11.0	15.0	1.87132	0.0035195485529943274
7.0	34.0	22.0	25.0	0.29589	0.021118352984639408
7.0	34.0	13.0	16.0	0.685822	0.00923306859307203
2.0	47.0	12.0	17.0	0.364144	0.01720014881190058
8.0	17.0	9.0	10.0	6.88021	0.001113224335029445
3.0	12.0	4.0	5.0	3.28271	0.0020984347434117702
7.0	25.0	15.0	17.0	0.415084	0.015115599419739192
8.0	26.0	18.0	20.0	0.550093	0.01145836322055783
22.0	40.0	28.0	30.0	0.676985	0.009350795788324782
6.0	58.0	36.0	42.0	0.123238	0.05040428737516226
6.0	15.0	9.0	10.0	1.3004	0.004970699662067066
30.0	55.0	39.0	42.0	0.291067	0.021464735853916946
7.0	16.0	10.0	11.0	1.39091	0.004661183753743931
32.0	50.0	42.0	44.0	0.649669	0.009734952402261117
27.0	45.0	37.0	39.0	0.659785	0.009588978022143905
7.0	16.0	8.0	9.0	6.37123	0.0011850431344698103
41.0	57.0	47.0	49.0	0.657224	0.009625508565116047
44.0	60.0	48.0	50.0	1.28925	0.0050118357670326
1.0	45.0	35.0	40.0	1.32014	0.004899576247552781
9.0	61.0	39.0	45.0	0.118187	0.05254927810197454
9.0	18.0	14.0	15.0	1.60302	0.004072766261743565
6.0	58.0	42.0	48.0	0.234678	0.026570860895604058
3.0	48.0	33.0	38.0	0.328367	0.019050838726508177
34.0	59.0	40.0	43.0	0.708062	0.00894978952565495
29.0	54.0	35.0	38.0	0.716637	0.0088452631203355
13.0	22.0	15.0	16.0	2.98478	0.002286510056511009
13.0	22.0	20.0	21.0	7.27746	0.0010641510890381678
6.0	51.0	41.0	46.0	1.33178	0.004858625399273194
6.0	51.0	36.0	41.0	0.318689	0.019622872196185043
8.0	60.0	14.0	20.0	0.747678	0.008486932207611703
35.0	60.0	50.0	53.0	0.263527	0.02368552971982845
6.0	51.0	26.0	31.0	0.147567	0.04212957761737243
29.0	54.0	50.0	53.0	2.058	0.003219724297749145
3.0	39.0	31.0	35.0	2.03818	0.0032489508876040055
6.0	42.0	30.0	34.0	0.457267	0.013740943488214152
1.0	27.0	12.0	15.0	0.347107	0.01803386645837155
31.0	40.0	38.0	39.0	8.18807	0.0009696289714937366
9.0	36.0	15.0	18.0	0.49412	0.012732078721772129
35.0	53.0	45.0	47.0	0.74424	0.008525147805927393
6.0	42.0	26.0	30.0	0.223137	0.027934068103720927
6.0	42.0	22.0	26.0	0.167473	0.03714747862667952
31.0	40.0	35.0	36.0	1.83769	0.0035800365156645492
23.0	57.0	43.0	47.0	0.20225	0.030796784646060123
6.0	42.0	14.0	18.0	0.326741	0.01914457761577332
5.0	50.0	35.0	40.0	0.321996	0.019423539268365774
23.0	57.0	31.0	35.0	0.36978	0.016941257897857092
8.0	60.0	44.0	50.0	0.223136	0.027934192332199837
5.0	23.0	15.0	17.0	0.607057	0.010403254314511067
6.0	24.0	16.0	18.0	0.600034	0.010522510177185291
3.0	12.0	9.0	10.0	3.18215	0.0021579782627245974
6.0	24.0	8.0	10.0	2.96416	0.002300925801581223
6.0	58.0	24.0	30.0	0.14699	0.04229411370864671
4.0	22.0	12.0	14.0	0.650624	0.009720977668296464
6.0	15.0	13.0	14.0	8.67477	0.0009272466997669994
1.0	45.0	25.0	30.0	0.18116	0.03435709730491231
6.0	15.0	10.0	11.0	1.07972	0.005942858591143451
6.0	33.0	21.0	24.0	0.277268	0.02252232575771406
42.0	51.0	49.0	50.0	6.37632	0.0011842681610705523
9.0	36.0	12.0	15.0	2.93273	0.002323288955754971
6.0	15.0	7.0	8.0	3.8788	0.0018088709002278122
31.0	56.0	34.0	37.0	3.348	0.002061690348321528
16.0	59.0	36.0	41.0	0.116252	0.05342038856119418
5.0	57.0	47.0	53.0	0.725224	0.008743067456521368
42.0	51.0	46.0	47.0	1.52877	0.0042601697914345605
5.0	57.0	35.0	41.0	0.125604	0.04945885813624623
42.0	51.0	45.0	46.0	1.88377	0.003497703363467052
5.0	57.0	29.0	35.0	0.110611	0.056133825599586906
5.0	57.0	17.0	23.0	0.193722	0.03214308549084288
8.0	53.0	43.0	48.0	1.45428	0.0044674081730248505
2.0	38.0	30.0	34.0	2.05667	0.0032216678850748933
10.0	46.0	22.0	26.0	0.224896	0.027717260295287476
5.0	50.0	15.0	20.0	0.227111	0.027449024809967436
20.0	29.0	24.0	25.0	1.61408	0.004046326743906358
5.0	41.0	33.0	37.0	2.01313	0.0032867129560156163
5.0	41.0	29.0	33.0	0.453338	0.013858177180975774
5.0	41.0	21.0	25.0	0.160586	0.038731423284238536
22.0	56.0	42.0	46.0	0.211535	0.02945441060867058
5.0	41.0	13.0	17.0	0.415361	0.015105661843797913
6.0	42.0	18.0	22.0	0.155448	0.040004526695011956
23.0	57.0	39.0	43.0	0.139558	0.044535029696566794
37.0	46.0	41.0	42.0	1.64789	0.00396770289553562
8.0	35.0	17.0	20.0	0.229907	0.027117810414566797
5.0	32.0	20.0	23.0	0.260249	0.023981165614451225
29.0	47.0	33.0	35.0	1.55645	0.004188216417796226
10.0	37.0	16.0	19.0	0.487543	0.012900945759392109
17.0	53.0	37.0	41.0	0.218021	0.028584531735532843
34.0	43.0	41.0	42.0	8.88514	0.0009103646971270474
34.0	43.0	36.0	37.0	3.59844	0.0019331124327143438
29.0	38.0	36.0	37.0	8.73715	0.0009221559703877196
10.0	28.0	24.0	26.0	4.889	0.001479373235475595
5.0	32.0	17.0	20.0	0.176126	0.035332962498629966
7.0	59.0	43.0	49.0	0.231863	0.02689085131164021
5.0	32.0	14.0	17.0	0.268316	0.023266605423285222
22.0	49.0	40.0	43.0	0.67135	0.00942748394201596
5.0	57.0	11.0	17.0	0.954299	0.0066957581546898595
5.0	32.0	8.0	11.0	2.2097	0.003013391011274355
1.0	45.0	15.0	20.0	0.142158	0.04372442389595357
8.0	53.0	13.0	18.0	1.18206	0.005446886605943424
8.0	44.0	12.0	16.0	1.85056	0.00355662845010089
1.0	36.0	12.0	16.0	0.28081	0.02224094225042364
2.0	20.0	4.0	6.0	2.44925	0.0027396170475388736
5.0	14.0	10.0	11.0	1.66474	0.003929711287745384
7.0	52.0	17.0	22.0	0.236089	0.026413338871485982
34.0	52.0	44.0	46.0	0.714418	0.008872071347070475
2.0	11.0	7.0	8.0	1.84238	0.0035714684303712694
5.0	50.0	10.0	15.0	1.2096	0.005327750051038603
6.0	33.0	15.0	18.0	0.218623	0.02850641128928459
29.0	38.0	30.0	31.0	10.1881	0.0008213347716053333
9.0	36.0	24.0	27.0	0.325204	0.019234047475376274
2.0	54.0	14.0	20.0	0.219994	0.028330094702490084
2.0	29.0	14.0	17.0	0.22894	0.02723144616965959
8.0	44.0	32.0	36.0	0.480499	0.013086930080931392
38.0	54.0	42.0	44.0	1.40852	0.004605585684587089
2.0	20.0	16.0	18.0	3.69288	0.0018891543321534463
29.0	54.0	38.0	41.0	0.295899	0.021117717169118706
10.0	46.0	26.0	30.0	0.191363	0.03253668398388339
5.0	14.0	6.0	7.0	3.78006	0.0018505251621542284
7.0	59.0	13.0	19.0	0.84913	0.007498528815577468
1.0	9.0	3.0	4.0	1.39793	0.004638852399619593
7.0	43.0	19.0	23.0	0.173412	0.035882591480933076
16.0	34.0	26.0	28.0	0.740484	0.008567303796400465
2.0	11.0	5.0	6.0	1.38178	0.004690566693631922
8.0	26.0	22.0	24.0	4.37057	0.0016294434171394835
19.0	28.0	24.0	25.0	2.0605	0.003216077728877395
10.0	46.0	38.0	42.0	1.77801	0.003693012143670259
7.0	25.0	13.0	15.0	0.712653	0.008893513905630085
40.0	49.0	41.0	42.0	8.53302	0.000939091418058017
4.0	40.0	12.0	16.0	0.485408	0.012956746559394276
33.0	42.0	40.0	41.0	7.9742	0.00098988916549714
33.0	42.0	35.0	36.0	3.81682	0.0018347658400872473
28.0	37.0	35.0	36.0	8.75225	0.0009209345930933451
32.0	50.0	38.0	40.0	0.705192	0.008985341656320136
6.0	33.0	12.0	15.0	0.674483	0.009384687979875624
13.0	40.0	34.0	37.0	2.93057	0.0023248434602096473
15.0	33.0	21.0	23.0	0.659449	0.00959375461282026
12.0	30.0	18.0	20.0	0.495439	0.012698752615616116
5.0	14.0	12.0	13.0	11.4298	0.0007553798434022973
6.0	51.0	21.0	26.0	0.161322	0.03855569610522247
21.0	39.0	33.0	35.0	1.5292	0.004259032100190874
1.0	27.0	9.0	12.0	0.440644	0.014251229994814865
18.0	36.0	20.0	22.0	3.62713	0.0019195162947730343
8.0	44.0	28.0	32.0	0.224997	0.027704914322477948
1.0	36.0	28.0	32.0	2.11569	0.0031377711694185813
22.0	31.0	26.0	27.0	1.70719	0.003837324084009297
40.0	56.0	50.0	52.0	0.562765	0.011205174492427876
3.0	48.0	13.0	18.0	0.317405	0.019701386102871737
11.0	47.0	19.0	23.0	0.357847	0.01749904856420596
32.0	57.0	35.0	38.0	3.28139	0.002099192702847522
17.0	60.0	37.0	42.0	0.113149	0.05487951532426198
32.0	41.0	35.0	36.0	2.33193	0.002866670312244529
8.0	60.0	26.0	32.0	0.144803	0.04292965801819701
6.0	24.0	14.0	16.0	0.452581	0.01388099845251639
1.0	27.0	18.0	21.0	0.627294	0.01007454809028396
23.0	41.0	33.0	35.0	0.702542	0.009018426463306861
5.0	57.0	23.0	29.0	0.151634	0.041005359102094956
8.0	35.0	20.0	23.0	0.205423	0.03032440097658511
21.0	48.0	42.0	45.0	2.5881	0.002604131142856669
3.0	39.0	27.0	31.0	0.45115	0.013924348018667765
29.0	47.0	31.0	33.0	5.22628	0.0013977262265333589
9.0	45.0	25.0	29.0	0.193766	0.03213583514773152
4.0	13.0	5.0	6.0	4.37765	0.0016271545713023145
3.0	12.0	7.0	8.0	1.40191	0.004626290945560098
9.0	45.0	21.0	25.0	0.212822	0.029277586208755875
33.0	42.0	34.0	35.0	9.77589	0.0008469342678424241
28.0	37.0	34.0	35.0	3.60976	0.0019277220917904676
5.0	57.0	41.0	47.0	0.235474	0.026481764501204198
15.0	33.0	23.0	25.0	0.540525	0.011657399233624206
8.0	44.0	16.0	20.0	0.311939	0.020042852984887605
48.0	55.0	52.0	53.0	1.27236	0.005075521903486729
2.0	47.0	7.0	12.0	1.33153	0.004859497404253482
1.0	36.0	16.0	20.0	0.13348	0.046553173746309
9.0	36.0	21.0	24.0	0.225519	0.02764128269378872
5.0	32.0	11.0	14.0	0.767589	0.008272340898601953
10.0	37.0	25.0	28.0	0.335826	0.018632460392429804
18.0	45.0	30.0	33.0	0.252422	0.0247181214496855
19.0	46.0	28.0	31.0	0.347771	0.017999843369139807
8.0	26.0	20.0	22.0	1.30196	0.004965000481763274
29.0	38.0	32.0	33.0	1.82113	0.0036106427241780034
10.0	28.0	20.0	22.0	0.604466	0.010446928867126934
8.0	26.0	10.0	12.0	3.64202	0.0019125443867192419
14.0	32.0	26.0	28.0	1.56904	0.004156329030107984
1.0	18.0	10.0	12.0	0.706279	0.00897184244876556
1.0	61.0	35.0	42.0	0.106553	0.058263486429962014
2.0	54.0	20.0	26.0	0.141954	0.04378695176511618
29.0	38.0	31.0	32.0	4.23369	0.0016751991232954826
10.0	28.0	14.0	16.0	1.16954	0.0055029026104760365
9.0	36.0	30.0	33.0	3.15715	0.002173369961163627
13.0	40.0	19.0	22.0	0.630408	0.01002584145153961
4.0	22.0	14.0	16.0	0.646762	0.009777745211053446
21.0	39.0	35.0	37.0	4.48385	0.0015936892648673697
7.0	16.0	11.0	12.0	1.54797	0.0042099865236003
1.0	45.0	20.0	25.0	0.134876	0.046073554123013026
15.0	58.0	45.0	50.0	0.285293	0.021894821645168056
7.0	59.0	37.0	43.0	0.122657	0.05064202698926677
3.0	55.0	27.0	33.0	0.122199	0.05083102963722683
7.0	59.0	31.0	37.0	0.10603	0.05854981827165464
32.0	57.0	41.0	44.0	0.310092	0.0201609581955913
31.0	49.0	41.0	43.0	0.627203	0.010075978711076516
3.0	39.0	7.0	11.0	1.64111	0.003983209838328949
24.0	42.0	38.0	40.0	4.13276	0.001710879007312843
41.0	50.0	43.0	44.0	3.03851	0.0022498657720682576
36.0	45.0	43.0	44.0	8.71324	0.0009240986112016211
36.0	45.0	38.0	39.0	3.65196	0.0019079218491773534
7.0	34.0	19.0	22.0	0.187485	0.033205252171564496
32.0	50.0	44.0	46.0	1.30125	0.004967592645110945
1.0	61.0	28.0	35.0	0.103026	0.06025074940067213
7.0	34.0	10.0	13.0	2.36621	0.0028282434946188283
5.0	23.0	13.0	15.0	0.583244	0.010819257601199771
23.0	57.0	47.0	51.0	0.364484	0.017184303905027842
1.0	27.0	3.0	6.0	2.1174	0.0031354101281981417
8.0	44.0	20.0	24.0	0.194452	0.032023220073270686
2.0	29.0	5.0	8.0	2.03853	0.0032484298479190936
6.0	51.0	11.0	16.0	1.14054	0.005637375518859662
39.0	55.0	41.0	43.0	4.36148	0.0016323929573317782
3.0	21.0	15.0	17.0	1.24487	0.005182872171324915
10.0	19.0	16.0	17.0	2.4824	0.002705892894267722
2.0	47.0	17.0	22.0	0.136242	0.04561375576890147
8.0	17.0	10.0	11.0	2.37757	0.002815753733423756
10.0	37.0	28.0	31.0	0.771796	0.008228416720161743
5.0	50.0	20.0	25.0	0.155523	0.03998533806802687
3.0	12.0	5.0	6.0	1.98533	0.0033297361522004686
6.0	15.0	8.0	9.0	2.15989	0.0030779436490537358
22.0	49.0	37.0	40.0	0.311846	0.020048766360912518
1.0	9.0	2.0	3.0	1.90394	0.003462918751353044
8.0	60.0	20.0	26.0	0.234986	0.026536314817506297
1.0	45.0	5.0	10.0	1.47508	0.0044074342953104705
23.0	50.0	32.0	35.0	0.28275	0.022089812854022103
9.0	27.0	21.0	23.0	1.33479	0.004848152101204946
4.0	13.0	10.0	11.0	3.53493	0.0019639947179483845
4.0	56.0	16.0	22.0	0.194544	0.03200817757490916
13.0	31.0	15.0	17.0	3.88372	0.0018068507567984334
9.0	27.0	11.0	13.0	4.50726	0.0015865245299284665
21.0	55.0	49.0	53.0	1.43785	0.004516008406000387
10.0	37.0	13.0	16.0	2.70151	0.0025038022270307955
17.0	53.0	29.0	33.0	0.215905	0.02886257798228941
7.0	52.0	37.0	42.0	0.325288	0.019229135934463897
1.0	18.0	2.0	4.0	2.70869	0.0024977331735944663
16.0	59.0	46.0	51.0	0.270061	0.02311765237687753
1.0	18.0	14.0	16.0	3.35634	0.002057099667974384
34.0	43.0	37.0	38.0	2.05933	0.0032177832209206387
2.0	54.0	26.0	32.0	0.128556	0.04832806560081844
8.0	26.0	14.0	16.0	0.578332	0.010909330316742728
21.0	39.0	25.0	27.0	1.3366	0.004841876915614441
6.0	24.0	10.0	12.0	1.0181	0.006289581479217848
5.0	50.0	40.0	45.0	1.26657	0.005097744856097588
1.0	27.0	15.0	18.0	0.296039	0.021107831683453083
20.0	29.0	21.0	22.0	7.21899	0.0010710350631362555
32.0	41.0	38.0	39.0	3.18191	0.002158124873234316
20.0	54.0	28.0	32.0	0.437604	0.014348743965422836
18.0	45.0	21.0	24.0	2.55029	0.0026395633705080263
1.0	18.0	8.0	10.0	0.591082	0.010678630298709035
37.0	46.0	42.0	43.0	1.87915	0.0035057759935496636
3.0	48.0	8.0	13.0	1.34595	0.004809729680370682
14.0	57.0	19.0	24.0	1.25926	0.005126093688245094
18.0	36.0	30.0	32.0	1.61885	0.004035035309546221
23.0	41.0	25.0	27.0	4.03689	0.0017464223302398345
38.0	47.0	42.0	43.0	1.58034	0.004128141547161315
9.0	36.0	18.0	21.0	0.236117	0.02641023204196562
2.0	29.0	20.0	23.0	0.645229	0.009800467191504346
11.0	54.0	21.0	26.0	0.31673	0.019742916225094838
6.0	24.0	12.0	14.0	0.689158	0.009189411156816452
8.0	60.0	50.0	54.0	0.88261	0.007222213586469684
24.0	58.0	28.0	32.0	1.92017	0.00343545954488577
1.0	45.0	10.0	15.0	0.448429	0.014007539008235844
1.0	9.0	5.0	6.0	1.49138	0.004361604690109239
35.0	53.0	43.0	45.0	0.564861	0.01116439094402501
11.0	38.0	26.0	29.0	0.344471	0.018170227958109866
1.0	27.0	6.0	9.0	0.853803	0.007458660643812633
19.0	46.0	31.0	34.0	0.241804	0.02579412681715597
5.0	23.0	11.0	13.0	0.736553	0.008611884381399995
3.0	55.0	39.0	45.0	0.245453	0.025413845982025816
2.0	38.0	22.0	26.0	0.199228	0.031260677791653584
5.0	14.0	8.0	9.0	1.57508	0.0041412121312516805
2.0	20.0	8.0	10.0	0.725998	0.008733974695656323
7.0	43.0	15.0	19.0	0.31055	0.020131540694156534
34.0	52.0	36.0	38.0	4.90174	0.0014760850105262472
29.0	47.0	41.0	43.0	1.3245	0.00488415296065161
5.0	41.0	17.0	21.0	0.157236	0.039552053569411535
2.0	20.0	6.0	8.0	1.09276	0.00587449827588514
19.0	46.0	37.0	40.0	0.7158	0.008855355578036187
33.0	51.0	35.0	37.0	5.18557	0.0014070174804456863
28.0	46.0	40.0	42.0	1.29999	0.004972199793410884
4.0	40.0	16.0	20.0	0.160181	0.03882880978092346
9.0	61.0	15.0	21.0	0.669751	0.009449480184607121
7.0	34.0	16.0	19.0	0.231452	0.02693822223326134
3.0	55.0	15.0	21.0	0.195432	0.031863712838617074
2.0	20.0	10.0	12.0	0.572238	0.011023226962296406
1.0	61.0	7.0	14.0	1.02479	0.006249920521018776
12.0	39.0	21.0	24.0	0.324031	0.019302899699418237
2.0	20.0	12.0	14.0	0.836515	0.007608379239695355
25.0	52.0	46.0	49.0	2.62385	0.0025715685941195003
3.0	48.0	28.0	33.0	0.169435	0.03671980400783975
47.0	54.0	51.0	52.0	1.3307	0.004862394810424368
4.0	49.0	9.0	14.0	1.28582	0.005024633681530345
14.0	50.0	18.0	22.0	1.64106	0.003983324672265694
7.0	16.0	12.0	13.0	1.85537	0.0035479633461587587
30.0	55.0	45.0	48.0	0.334335	0.01871459834716005
4.0	22.0	18.0	20.0	3.59175	0.001936314040685867
4.0	56.0	22.0	28.0	0.151281	0.04110054138747487
7.0	25.0	21.0	23.0	4.0311	0.0017486230790575853
4.0	49.0	24.0	29.0	0.152483	0.040778240831852976
15.0	58.0	20.0	25.0	1.33493	0.004847666120530711
6.0	58.0	12.0	18.0	0.817607	0.0077793767001748315
27.0	36.0	32.0	33.0	2.07442	0.0031959343497673215
1.0	36.0	8.0	12.0	0.622242	0.010154604348504553
4.0	22.0	6.0	8.0	2.65144	0.002547038834409583
1.0	61.0	14.0	21.0	0.200175	0.031113801341480354
21.0	48.0	33.0	36.0	0.240256	0.025958941399498395
18.0	27.0	22.0	23.0	1.53114	0.004253907205575697
2.0	29.0	8.0	11.0	0.778656	0.008157811248454792
3.0	30.0	21.0	24.0	0.67407	0.009390306687655513
33.0	42.0	38.0	39.0	1.9635	0.003364374129710978
4.0	31.0	19.0	22.0	0.24999	0.024956504916597736
22.0	31.0	29.0	30.0	9.77312	0.0008471135977119748
2.0	29.0	17.0	20.0	0.25341	0.024622585155042665
5.0	32.0	23.0	26.0	0.698436	0.00907018505330932
4.0	22.0	8.0	10.0	1.28866	0.005014032306061276
4.0	56.0	10.0	16.0	0.976972	0.006545338425222012
4.0	31.0	10.0	13.0	0.724638	0.00874996456004147
8.0	35.0	14.0	17.0	0.579697	0.010884146776835813
3.0	39.0	23.0	27.0	0.209335	0.029761709504818087
2.0	29.0	23.0	26.0	3.04424	0.002246034195886643
2.0	38.0	6.0	10.0	1.61374	0.004047134132663832
27.0	36.0	31.0	32.0	1.86658	0.0035279421105989714
7.0	34.0	25.0	28.0	0.764083	0.008309315630456096
12.0	55.0	22.0	27.0	0.350249	0.017874010692461972
10.0	19.0	14.0	15.0	1.45272	0.004471975446873507
16.0	52.0	40.0	44.0	0.471224	0.013340300803312902
2.0	38.0	14.0	18.0	0.192765	0.032301599340022615
4.0	49.0	19.0	24.0	0.145379	0.042760416992932704
3.0	12.0	8.0	9.0	1.93947	0.003403404457616161
31.0	49.0	37.0	39.0	0.686341	0.009226248686843875
1.0	36.0	4.0	8.0	1.68431	0.003886541015771351
2.0	38.0	18.0	22.0	0.13191	0.04710470246949047
1.0	9.0	7.0	8.0	7.03499	0.00109344498278431
2.0	38.0	26.0	30.0	0.450913	0.013931554064647918
3.0	48.0	18.0	23.0	0.137998	0.04503605478129371
8.0	17.0	12.0	13.0	1.63868	0.003988798873332344
7.0	25.0	11.0	13.0	1.41443	0.004587236980165506
4.0	49.0	14.0	19.0	0.266436	0.023429265425674195
1.0	9.0	6.0	7.0	3.01598	0.002265072454115383
16.0	43.0	37.0	40.0	2.679	0.0025230401686698128
11.0	20.0	13.0	14.0	3.92114	0.0017916520749518042
7.0	25.0	19.0	21.0	1.21022	0.005325130372594371
3.0	39.0	19.0	23.0	0.137231	0.04528656920998723
2.0	11.0	9.0	10.0	7.92214	0.0009949864271552008
17.0	35.0	29.0	31.0	1.61948	0.004033548960694854
2.0	54.0	38.0	44.0	0.246857	0.02527052303901543
9.0	27.0	13.0	15.0	1.46816	0.0044271985086568825
6.0	42.0	10.0	14.0	1.43418	0.00452701647699044
5.0	14.0	9.0	10.0	1.27923	0.005049414691545361
4.0	31.0	7.0	10.0	2.22182	0.0029981215809943293
2.0	54.0	44.0	50.0	0.913232	0.006987225422228895
6.0	24.0	20.0	22.0	3.93592	0.0017857285772551051
3.0	48.0	23.0	28.0	0.151153	0.041135164907032465
3.0	12.0	6.0	7.0	1.39946	0.004634015045101473
14.0	41.0	26.0	29.0	0.296956	0.02104331222647809
3.0	21.0	11.0	13.0	0.645751	0.009792718043817391
39.0	48.0	44.0	45.0	1.83057	0.003593127846609512
20.0	38.0	32.0	34.0	1.5111	0.004307480951083819
20.0	29.0	26.0	27.0	3.7593	0.0018595613254813585
3.0	21.0	13.0	15.0	0.768802	0.008259626964532344
44.0	53.0	51.0	52.0	8.8886	0.0009100937148662167
44.0	53.0	46.0	47.0	3.1852	0.0021561170119746703
39.0	48.0	46.0	47.0	7.16093	0.0010779820033911917
20.0	38.0	34.0	36.0	4.93053	0.0014687168311730797
17.0	53.0	25.0	29.0	0.522797	0.012045436352918092
4.0	49.0	29.0	34.0	0.165069	0.037685360048199223
4.0	40.0	8.0	12.0	1.71724	0.0038161201907875703
15.0	58.0	25.0	30.0	0.38299	0.016364312961633865
28.0	37.0	32.0	33.0	1.4967	0.004346862875003777
8.0	35.0	26.0	29.0	0.770437	0.008242553230099824
26.0	53.0	32.0	35.0	0.674101	0.009389884705462825
6.0	51.0	31.0	36.0	0.168986	0.03681680024549618
4.0	13.0	7.0	8.0	1.44252	0.004502081845935459
3.0	30.0	12.0	15.0	0.396415	0.015817373597525195
41.0	50.0	44.0	45.0	1.83351	0.003587709832798793
4.0	56.0	28.0	34.0	0.116328	0.05338562763827885
18.0	27.0	21.0	22.0	1.7271	0.0037955569843389895
20.0	54.0	24.0	28.0	1.80822	0.003634891868935098
3.0	30.0	15.0	18.0	0.197984	0.031455753104376594
20.0	47.0	41.0	44.0	2.65376	0.002544999413168116
3.0	21.0	7.0	9.0	1.21062	0.005323441681464557
3.0	39.0	11.0	15.0	0.541952	0.011627268495885518
3.0	48.0	38.0	43.0	1.24368	0.005187626363260002
12.0	21.0	17.0	18.0	1.63204	0.004004155843068055
10.0	46.0	14.0	18.0	1.46395	0.004439314106947646
3.0	21.0	9.0	11.0	0.641844	0.009851023774073204
1.0	18.0	4.0	6.0	1.14707	0.005606502781404758
21.0	55.0	29.0	33.0	0.404006	0.01552420091691364
3.0	55.0	21.0	27.0	0.147874	0.04204255749143547
10.0	19.0	12.0	13.0	3.43767	0.002013500014216654
9.0	27.0	23.0	25.0	4.61773	0.0015536949286591157
12.0	30.0	14.0	16.0	5.01294	0.0014480936240767238
29.0	54.0	44.0	47.0	0.340012	0.018405707380969506
5.0	50.0	25.0	30.0	0.150798	0.04123149864255317
3.0	55.0	45.0	51.0	0.862991	0.007381531334106572
12.0	30.0	24.0	26.0	1.5171	0.004291292464955955
7.0	52.0	32.0	37.0	0.170434	0.03650582630273154
4.0	13.0	6.0	7.0	1.90271	0.003465018859470819
35.0	60.0	41.0	44.0	0.745999	0.008505551374723558
4.0	13.0	8.0	9.0	1.51059	0.004308862902470952
12.0	39.0	15.0	18.0	2.15174	0.0030887903728844556
24.0	58.0	36.0	40.0	0.166812	0.037293828304615105
10.0	19.0	11.0	12.0	7.96162	0.000991114781640914
9.0	27.0	17.0	19.0	0.407045	0.015409896539711051
7.0	16.0	9.0	10.0	2.63733	0.002559519654874474
17.0	35.0	31.0	33.0	5.12272	0.0014216517335887242
22.0	40.0	26.0	28.0	1.37421	0.004715225172002796
23.0	41.0	29.0	31.0	0.656387	0.00963750948326256
6.0	33.0	9.0	12.0	1.91766	0.0034396757801157863
4.0	22.0	10.0	12.0	0.667661	0.009478389599890467
21.0	39.0	31.0	33.0	0.670582	0.009438035649326958
10.0	37.0	22.0	25.0	0.239418	0.026049051895204563
9.0	45.0	33.0	37.0	0.482492	0.01303375757912903
3.0	21.0	5.0	7.0	2.70909	0.0024973960107922055
1.0	36.0	20.0	24.0	0.178263	0.034911962358689236
4.0	13.0	9.0	10.0	1.75507	0.0037384823759321
19.0	37.0	25.0	27.0	0.698382	0.00907086981035097
24.0	42.0	30.0	32.0	0.665985	0.009501703555168457
4.0	40.0	24.0	28.0	0.217273	0.02868220144832461
4.0	49.0	34.0	39.0	0.325434	0.019220605241910823
15.0	58.0	30.0	35.0	0.156621	0.03970652050725186
6.0	33.0	27.0	30.0	3.2824	0.002098612694264203
5.0	23.0	7.0	9.0	2.9515	0.002309876391847179
6.0	15.0	11.0	12.0	1.78744	0.003674659086308077
4.0	49.0	39.0	44.0	1.22159	0.00527756038140276
34.0	59.0	43.0	46.0	0.326232	0.019174113500939397
13.0	22.0	18.0	19.0	1.64382	0.0039769962891516245
15.0	58.0	35.0	40.0	0.122364	0.050762776121310464
7.0	25.0	17.0	19.0	0.587396	0.010744296064440832
4.0	56.0	34.0	40.0	0.133844	0.04642715107550861
32.0	41.0	33.0	34.0	9.95705	0.0008354226140781359
27.0	36.0	33.0	34.0	3.53416	0.0019643759470984253
27.0	36.0	28.0	29.0	8.88591	0.000910304373570217
4.0	56.0	40.0	46.0	0.244672	0.025494283899513224
6.0	58.0	18.0	24.0	0.192811	0.032293944074778966
14.0	32.0	22.0	24.0	0.517701	0.012161897142354028
3.0	30.0	6.0	9.0	2.03935	0.003247209826714446
12.0	55.0	42.0	47.0	0.323687	0.01932318628815434
17.0	60.0	42.0	47.0	0.152613	0.04074368727207913
4.0	56.0	46.0	52.0	0.836298	0.007610297852522733
13.0	31.0	25.0	27.0	1.5546	0.004192945537338658
16.0	59.0	21.0	26.0	1.35665	0.0047734845694873485
6.0	58.0	30.0	36.0	0.107704	0.05764313153980054
5.0	14.0	7.0	8.0	1.97796	0.0033413447477128617
11.0	38.0	14.0	17.0	2.3878	0.002804608048172625
5.0	14.0	11.0	12.0	3.99535	0.0017623527473527793
5.0	23.0	9.0	11.0	1.10582	0.005807649055296303
11.0	20.0	17.0	18.0	2.62908	0.0025668791508673973
7.0	52.0	42.0	47.0	1.37526	0.00471178869229331
11.0	20.0	18.0	19.0	7.7842	0.0010088219674614176
11.0	29.0	13.0	15.0	5.09834	0.0014274255994369072
17.0	44.0	26.0	29.0	0.386254	0.01622783826846272
3.0	30.0	9.0	12.0	0.731966	0.008664509880769793
23.0	50.0	29.0	32.0	0.696983	0.009088647073153362
11.0	29.0	15.0	17.0	0.934977	0.006829703949149262
11.0	29.0	17.0	19.0	0.474647	0.013245639787981624
17.0	44.0	35.0	38.0	0.758184	0.008372298964248077
11.0	29.0	21.0	23.0	0.60915	0.010368245459310811
4.0	40.0	20.0	24.0	0.150483	0.04131735845441764
19.0	37.0	21.0	23.0	3.77546	0.0018525188247731157
35.0	44.0	40.0	41.0	1.79579	0.0036585688710158272
11.0	29.0	23.0	25.0	1.47017	0.00442143857455895
18.0	45.0	39.0	42.0	2.63141	0.002564795974692986
19.0	37.0	23.0	25.0	1.35477	0.00477981140960882
11.0	29.0	25.0	27.0	5.14097	0.0014173654630261995
39.0	55.0	47.0	49.0	0.523136	0.012037769548136101
11.0	38.0	17.0	20.0	0.499121	0.012606654625616923
16.0	52.0	32.0	36.0	0.171143	0.03635547982472791
36.0	61.0	55.0	58.0	2.77581	0.0024425171270030742
11.0	38.0	20.0	23.0	0.279909	0.022311844131874786
17.0	53.0	33.0	37.0	0.172299	0.03611299847674978
11.0	38.0	23.0	26.0	0.255737	0.024400488780571734
6.0	15.0	12.0	13.0	3.17898	0.0021599165280210626
3.0	39.0	15.0	19.0	0.16656	0.03734992857316627
17.0	53.0	41.0	45.0	0.505552	0.012449013606072507
11.0	38.0	32.0	35.0	3.16716	0.00216717795673304
17.0	53.0	45.0	49.0	1.9947	0.0033151011868338535
11.0	47.0	15.0	19.0	1.25259	0.005152249240023511
21.0	30.0	24.0	25.0	1.79557	0.003658990885340092
11.0	47.0	31.0	35.0	0.219822	0.02835209400221732
26.0	53.0	29.0	32.0	3.03303	0.002253543720057731
11.0	47.0	35.0	39.0	0.465443	0.01350333228130527
8.0	17.0	11.0	12.0	1.92013	0.003435526649452882
24.0	58.0	40.0	44.0	0.142293	0.04368314374004702
11.0	47.0	39.0	43.0	1.76521	0.0037182377603664127
11.0	54.0	16.0	21.0	0.894137	0.00713186824081917
15.0	33.0	17.0	19.0	3.50204	0.0019804280016939915
15.0	33.0	27.0	29.0	1.61949	0.004033525377179506
14.0	32.0	28.0	30.0	5.24651	0.001393162757527112
11.0	54.0	36.0	41.0	0.157878	0.03939208899095502
1.0	18.0	12.0	14.0	1.48096	0.004390785576288657
11.0	54.0	41.0	46.0	0.327675	0.019090618809251923
11.0	54.0	46.0	51.0	1.13021	0.005686942566962388
12.0	21.0	13.0	14.0	12.7232	0.000700367483897662
12.0	21.0	15.0	16.0	1.59067	0.00410272409004668
33.0	58.0	36.0	39.0	3.11151	0.0022021069738306517
12.0	21.0	16.0	17.0	1.32912	0.0048679203556507575
12.0	21.0	18.0	19.0	2.68393	0.0025187991965059963
12.0	21.0	19.0	20.0	7.03184	0.001093838841526796
12.0	30.0	16.0	18.0	1.03494	0.006190726425112965
13.0	31.0	19.0	21.0	0.540977	0.011647838169098382
12.0	30.0	20.0	22.0	0.441715	0.014217195299791593
2.0	11.0	4.0	5.0	1.63596	0.003995074606516484
12.0	30.0	22.0	24.0	0.651126	0.009713648224796754
12.0	30.0	26.0	28.0	5.38904	0.0013619819919607522
12.0	39.0	24.0	27.0	0.272755	0.022891435292659655
45.0	61.0	55.0	57.0	1.54379	0.004220805543500661
12.0	39.0	27.0	30.0	0.340806	0.01836332538297954
12.0	39.0	30.0	33.0	0.757737	0.008377111531535376
12.0	39.0	33.0	36.0	3.04792	0.002243581025192852
12.0	48.0	16.0	20.0	1.3858	0.004677581483118779
12.0	48.0	20.0	24.0	0.427489	0.014683186927269455
18.0	61.0	33.0	38.0	0.135614	0.045823991489845735
17.0	26.0	24.0	25.0	8.03022	0.0009844779984902717
22.0	31.0	24.0	25.0	2.86634	0.0023721390362340246
10.0	46.0	18.0	22.0	0.332713	0.018804789022174574
22.0	31.0	28.0	29.0	3.90303	0.0017989713254894417
12.0	48.0	28.0	32.0	0.183981	0.033833581014773524
12.0	48.0	32.0	36.0	0.221289	0.0281655584858361
12.0	48.0	36.0	40.0	0.446181	0.01407703406990199
12.0	48.0	40.0	44.0	1.75062	0.0037474408921338693
18.0	61.0	53.0	56.0	1.22691	0.005255605259229148
7.0	59.0	25.0	31.0	0.148231	0.04194181799910912
12.0	55.0	32.0	37.0	0.129238	0.04807416472664516
4.0	31.0	22.0	25.0	0.681327	0.009292569705438906
19.0	28.0	23.0	24.0	1.65314	0.003955782687038528
15.0	33.0	29.0	31.0	5.55034	0.001328626621115904
12.0	55.0	37.0	42.0	0.155645	0.03995416407508271
13.0	49.0	21.0	25.0	0.485243	0.012961079474065374
3.0	30.0	24.0	27.0	3.1692	0.002165920847785961
18.0	27.0	25.0	26.0	8.41495	0.0009492620435047122
23.0	32.0	25.0	26.0	2.93709	0.002320158125270252
23.0	32.0	30.0	31.0	9.61884	0.0008572647676708239
12.0	55.0	47.0	52.0	1.10327	0.005820577203795935
13.0	22.0	14.0	15.0	12.3535	0.0007149162270890933
29.0	54.0	41.0	44.0	0.241792	0.025795396333331038
13.0	22.0	16.0	17.0	1.614	0.004046516687128675
10.0	46.0	30.0	34.0	0.217557	0.028645039205340166
13.0	22.0	17.0	18.0	1.40351	0.004621261191629559
13.0	22.0	19.0	20.0	2.54481	0.0026447861059695986
13.0	31.0	17.0	19.0	1.12481	0.005713216061863632
13.0	31.0	21.0	23.0	0.476495	0.013195099783069927
13.0	31.0	23.0	25.0	0.67833	0.009332679692278559
13.0	40.0	16.0	19.0	2.23839	0.0029775133705459977
13.0	40.0	22.0	25.0	0.360331	0.017379892819612535
13.0	40.0	25.0	28.0	0.286849	0.021777216170913945
13.0	40.0	28.0	31.0	0.343646	0.018213335413813342
13.0	40.0	31.0	34.0	0.75513	0.00840529297367061
14.0	41.0	29.0	32.0	0.347889	0.017993810688330735
17.0	26.0	18.0	19.0	7.12005	0.0010829413083661408
17.0	26.0	23.0	24.0	3.30417	0.0020861971162741176
22.0	31.0	23.0	24.0	7.65495	0.0010222383863269496
8.0	53.0	18.0	23.0	0.248237	0.025131229963803438
16.0	25.0	17.0	18.0	7.30363	0.0010611056666734774
16.0	25.0	22.0	23.0	2.94731	0.0023128556478205354
21.0	30.0	22.0	23.0	7.14772	0.0010795783539139093
13.0	49.0	25.0	29.0	0.260636	0.02394587575776079
13.0	49.0	29.0	33.0	0.176481	0.035262319467402437
13.0	49.0	37.0	41.0	0.425329	0.014756666430755487
21.0	30.0	28.0	29.0	10.1864	0.000821436092122348
13.0	49.0	41.0	45.0	1.72113	0.003807979386168946
20.0	47.0	23.0	26.0	2.56379	0.002626792392640284
25.0	43.0	33.0	35.0	0.504929	0.012464109342354276
13.0	56.0	18.0	23.0	1.1349	0.0056643264260132125
22.0	40.0	24.0	26.0	3.95259	0.0017791007684644534
18.0	36.0	32.0	34.0	4.85996	0.001486932965410187
23.0	41.0	27.0	29.0	1.40902	0.004604027380428548
13.0	56.0	28.0	33.0	0.171101	0.036364351384910634
19.0	28.0	21.0	22.0	2.75115	0.0024624905025260393
22.0	40.0	34.0	36.0	1.51305	0.0043022056102167035
16.0	34.0	30.0	32.0	5.65048	0.0013088767139645633
13.0	56.0	33.0	38.0	0.128791	0.04824027411545624
23.0	41.0	37.0	39.0	4.27944	0.001659580329083826
13.0	56.0	38.0	43.0	0.154648	0.0402103634570075
4.0	31.0	25.0	28.0	3.1998	0.002147256563270535
3.0	55.0	9.0	15.0	1.03298	0.006202066381564455
19.0	28.0	26.0	27.0	9.12943	0.0008917369577827505
24.0	33.0	26.0	27.0	3.12714	0.0021921711735502125
24.0	33.0	31.0	32.0	10.0715	0.0008283634487562253
25.0	34.0	29.0	30.0	1.80952	0.0036324343826813587
13.0	56.0	43.0	48.0	0.31934	0.01958330611888308
13.0	56.0	48.0	53.0	1.05024	0.006103660122049538
6.0	51.0	16.0	21.0	0.215352	0.028936143775637028
11.0	47.0	23.0	27.0	0.237209	0.026289637786643616
14.0	23.0	15.0	16.0	8.65809	0.0009286203570164362
14.0	23.0	20.0	21.0	2.82046	0.002407241545364594
14.0	23.0	16.0	17.0	2.77189	0.002445668376144249
14.0	23.0	21.0	22.0	7.76707	0.0010105744292571957
36.0	61.0	39.0	42.0	2.96	0.002303858466055068
1.0	9.0	4.0	5.0	1.15317	0.00557797887656741
21.0	55.0	45.0	49.0	0.440553	0.014254129459138716
15.0	24.0	19.0	20.0	1.29251	0.0049997351100792165
14.0	23.0	17.0	18.0	1.69571	0.0038618525760522092
14.0	23.0	18.0	19.0	1.40768	0.004608206127655673
11.0	47.0	27.0	31.0	0.186989	0.03329276293877115
14.0	23.0	19.0	20.0	1.57873	0.004132132989709913
11.0	54.0	26.0	31.0	0.180967	0.03439351043486833
14.0	32.0	18.0	20.0	1.14712	0.005606267745813549
14.0	32.0	20.0	22.0	0.632316	0.009996235100494046
14.0	32.0	24.0	26.0	0.696949	0.009089080003603858
14.0	41.0	20.0	23.0	0.735965	0.008618593702281933
14.0	41.0	23.0	26.0	0.394478	0.015893989541105876
14.0	41.0	32.0	35.0	0.787899	0.008064623424553745
14.0	41.0	35.0	38.0	2.82315	0.0024051519568027025
16.0	34.0	22.0	24.0	0.675234	0.009374488523427323
14.0	50.0	26.0	30.0	0.262259	0.023799011498880723
14.0	50.0	30.0	34.0	0.174783	0.03560280835421011
3.0	12.0	10.0	11.0	10.0898	0.0008272495729374396
21.0	48.0	39.0	42.0	0.677035	0.009350121039341738
14.0	50.0	34.0	38.0	0.223867	0.02784367743656074
14.0	50.0	38.0	42.0	0.43627	0.014391963650457747
14.0	57.0	29.0	34.0	0.162854	0.03819501022725052
1.0	61.0	42.0	49.0	0.184718	0.033699444290568606
23.0	41.0	35.0	37.0	1.46443	0.004437929237681665
9.0	61.0	27.0	33.0	0.137612	0.045161779480908486
14.0	57.0	34.0	39.0	0.126697	0.049034030499904915
14.0	57.0	39.0	44.0	0.149349	0.04162945265306877
5.0	32.0	26.0	29.0	3.19133	0.0021523869636903784
13.0	49.0	17.0	21.0	1.52721	0.004264302607609244
25.0	34.0	27.0	28.0	3.2568	0.0021134249012746548
25.0	34.0	32.0	33.0	9.2075	0.0008859923393181522
14.0	57.0	44.0	49.0	0.296077	0.02110515009332926
12.0	48.0	24.0	28.0	0.251162	0.024841049731082365
15.0	24.0	16.0	17.0	6.98654	0.0010995421842882587
15.0	24.0	21.0	22.0	2.94104	0.002317329722129905
36.0	61.0	42.0	45.0	0.750938	0.008451018411113051
15.0	24.0	17.0	18.0	2.62997	0.0025660829955286213
15.0	24.0	22.0	23.0	7.19267	0.0010741703819638943
16.0	59.0	31.0	36.0	0.147817	0.042058686996903
15.0	24.0	18.0	19.0	1.57559	0.004139941010688732
15.0	24.0	20.0	21.0	1.71456	0.003821750257116611
15.0	33.0	25.0	27.0	0.729405	0.008694179524745728
16.0	34.0	28.0	30.0	1.61933	0.004033902748378067
15.0	42.0	21.0	24.0	0.772517	0.008220936969910587
15.0	42.0	24.0	27.0	0.398825	0.01572308764557401
1.0	18.0	6.0	8.0	0.70959	0.008930978737985762
15.0	42.0	30.0	33.0	0.339838	0.018415021578956883
16.0	43.0	28.0	31.0	0.277236	0.0225249006733555
15.0	42.0	36.0	39.0	2.75616	0.0024584037209070286
17.0	35.0	23.0	25.0	0.697461	0.009082565048390286
8.0	17.0	13.0	14.0	1.92606	0.003425608819693844
15.0	51.0	19.0	23.0	1.6455	0.003973154623753121
15.0	51.0	23.0	27.0	0.543955	0.011585242350959464
15.0	51.0	27.0	31.0	0.251528	0.024805215077031692
15.0	51.0	31.0	35.0	0.17341	0.035883002857084935
4.0	13.0	11.0	12.0	12.8212	0.0006966515887767724
15.0	51.0	35.0	39.0	0.225199	0.027680255599295597
30.0	48.0	42.0	44.0	1.3054	0.0049524811948217255
15.0	51.0	39.0	43.0	0.449508	0.013974429500062965
15.0	58.0	40.0	45.0	0.15155	0.04102796850821141
16.0	25.0	20.0	21.0	1.41645	0.00458100062181332
16.0	25.0	21.0	22.0	1.81604	0.0036201622173041297
17.0	26.0	19.0	20.0	2.3439	0.002853124596343365
18.0	61.0	28.0	33.0	0.311754	0.020054619623612303
16.0	34.0	18.0	20.0	3.27533	0.002102680266251306
13.0	56.0	23.0	28.0	0.377495	0.016599401502012553
16.0	34.0	20.0	22.0	1.2143	0.005307957923276345
16.0	34.0	24.0	26.0	0.543475	0.011595285296184739
16.0	43.0	19.0	22.0	2.21415	0.0030077652401836823
16.0	43.0	22.0	25.0	0.77991	0.008145038927770916
16.0	43.0	31.0	34.0	0.336975	0.018569658832538312
17.0	44.0	29.0	32.0	0.265021	0.023553215173493083
16.0	52.0	20.0	24.0	1.73647	0.0037762320857724005
16.0	52.0	24.0	28.0	0.530835	0.01186628595949895
16.0	52.0	28.0	32.0	0.234583	0.026581534647209606
16.0	52.0	36.0	40.0	0.221046	0.028196285912296115
9.0	27.0	15.0	17.0	0.47702	0.013180813252707585
16.0	59.0	26.0	31.0	0.360775	0.017358767304429482
16.0	59.0	41.0	46.0	0.153731	0.040448939030586134
17.0	26.0	20.0	21.0	1.62613	0.004017929961761911
1.0	61.0	49.0	54.0	0.637804	0.009912065533333566
17.0	26.0	22.0	23.0	1.82528	0.0036029205418083516
17.0	35.0	19.0	21.0	3.30317	0.0020867638369947046
14.0	57.0	24.0	29.0	0.393025	0.015951957105249957
17.0	35.0	21.0	23.0	1.28434	0.005030176924708053
17.0	35.0	25.0	27.0	0.55043	0.01145147901091703
22.0	40.0	30.0	32.0	0.50362	0.012495949027484514
17.0	35.0	27.0	29.0	0.732638	0.008656758995204395
22.0	40.0	32.0	34.0	0.660254	0.009582318826645198
17.0	44.0	20.0	23.0	2.42864	0.0027610481312376443
17.0	44.0	23.0	26.0	0.799623	0.007949521553344292
17.0	44.0	32.0	35.0	0.343261	0.018233523138531157
17.0	44.0	38.0	41.0	2.59016	0.00260223040608637
17.0	53.0	21.0	25.0	1.82255	0.003607996477382829
2.0	11.0	3.0	4.0	3.47651	0.0019933982601595445
17.0	60.0	22.0	27.0	1.38652	0.0046752637245147805
17.0	60.0	27.0	32.0	0.338599	0.018481621865398458
32.0	57.0	50.0	53.0	0.524246	0.012012735236917559
6.0	24.0	18.0	20.0	1.17097	0.005496444022349222
17.0	60.0	47.0	52.0	0.259907	0.02401243947254752
17.0	60.0	52.0	55.0	1.28222	0.005038139539505075
25.0	59.0	37.0	41.0	0.163665	0.038006806157578885
32.0	41.0	37.0	38.0	1.92323	0.003430334320044034
3.0	30.0	18.0	21.0	0.246463	0.02531057847336993
18.0	27.0	19.0	20.0	6.52633	0.0011619713128309041
18.0	27.0	23.0	24.0	2.03452	0.003254410213082968
33.0	51.0	47.0	49.0	3.68653	0.001892039380918946
4.0	40.0	28.0	32.0	0.455835	0.013783437515299677
19.0	37.0	29.0	31.0	0.707717	0.008954047966127258
18.0	36.0	26.0	28.0	0.549532	0.011469842011772272
23.0	41.0	31.0	33.0	0.481916	0.013049079860105369
32.0	50.0	46.0	48.0	3.58957	0.0019373598930133966
18.0	36.0	28.0	30.0	0.711261	0.008910500038719614
18.0	45.0	24.0	27.0	0.796545	0.007979412207740478
18.0	45.0	27.0	30.0	0.368792	0.01698606990906187
18.0	45.0	33.0	36.0	0.350419	0.017865443337272902
18.0	45.0	36.0	39.0	0.745646	0.008509476614296758
23.0	50.0	41.0	44.0	0.705801	0.008977773500808308
1.0	61.0	21.0	28.0	0.138134	0.044991925390799846
24.0	51.0	39.0	42.0	0.314091	0.019906996773227114
7.0	16.0	13.0	14.0	3.04728	0.002244007237955245
19.0	46.0	25.0	28.0	0.784029	0.008103373333815757
24.0	51.0	30.0	33.0	0.691702	0.009156401449427249
34.0	59.0	46.0	49.0	0.248659	0.025088943228707892
10.0	46.0	34.0	38.0	0.472704	0.013299204057181926
25.0	52.0	28.0	31.0	2.99736	0.0022778126091534843
18.0	61.0	23.0	28.0	1.39879	0.004636132061368153
18.0	61.0	38.0	43.0	0.10936	0.05677350577342362
21.0	30.0	26.0	27.0	2.2053	0.003018975894338579
18.0	61.0	43.0	48.0	0.147255	0.042218386763952995
18.0	61.0	48.0	53.0	0.235905	0.026433773527221812
24.0	58.0	32.0	36.0	0.365368	0.017143245158236946
19.0	28.0	20.0	21.0	7.71351	0.001016104029088731
12.0	55.0	17.0	22.0	1.0272	0.006235759663471511
19.0	37.0	27.0	29.0	0.542637	0.011612861191021253
24.0	42.0	32.0	34.0	0.476357	0.013198860326321773
19.0	37.0	31.0	33.0	1.52008	0.004283299682148943
24.0	42.0	26.0	28.0	4.31861	0.0016464708617788338
25.0	43.0	29.0	31.0	1.46921	0.004424187621793361
4.0	40.0	32.0	36.0	2.01458	0.003284501521598802
19.0	37.0	33.0	35.0	4.93185	0.0014683810681493208
19.0	46.0	22.0	25.0	2.59585	0.0025969959871094857
19.0	46.0	34.0	37.0	0.346234	0.018078797197144114
19.0	46.0	40.0	43.0	2.63189	0.0025643672807142484
8.0	17.0	14.0	15.0	2.52883	0.002660145149748585
1.0	27.0	21.0	24.0	2.82344	0.0024049269229363146
20.0	29.0	22.0	23.0	2.68764	0.00251561797412049
6.0	42.0	34.0	38.0	1.92451	0.00342819526985953
26.0	44.0	40.0	42.0	4.22011	0.0016799004382283495
20.0	29.0	23.0	24.0	1.7966	0.0036570159817938173
26.0	44.0	36.0	38.0	0.659189	0.009597454126038144
20.0	29.0	25.0	26.0	2.10897	0.003147086735239026
20.0	29.0	27.0	28.0	9.65348	0.0008549573103208975
14.0	50.0	42.0	46.0	1.75932	0.0037299687993202924
20.0	38.0	22.0	24.0	3.73956	0.0018682465701819878
39.0	48.0	41.0	42.0	3.19954	0.0021474136448902995
20.0	38.0	24.0	26.0	1.31535	0.0049166385091003375
39.0	48.0	43.0	44.0	1.57556	0.004140015759707056
20.0	38.0	26.0	28.0	0.683302	0.009266329863821619
21.0	39.0	29.0	31.0	0.503453	0.0125000229894523
20.0	38.0	28.0	30.0	0.52102	0.012085788100432454
39.0	48.0	42.0	43.0	1.87196	0.0035184185027558722
1.0	36.0	24.0	28.0	0.435302	0.01442349131100483
20.0	38.0	30.0	32.0	0.718399	0.008824093973326199
39.0	55.0	43.0	45.0	1.41362	0.0045897427044370035
1.0	45.0	30.0	35.0	0.331516	0.01887191371131736
3.0	21.0	17.0	19.0	3.74916	0.001864011319184251
20.0	47.0	26.0	29.0	0.757168	0.00838324581614658
20.0	47.0	29.0	32.0	0.319463	0.019575848612637028
20.0	47.0	32.0	35.0	0.237942	0.026209310313560504
20.0	47.0	35.0	38.0	0.332006	0.01884437725467484
20.0	47.0	38.0	41.0	0.685396	0.009238674153287019
31.0	49.0	33.0	35.0	5.48164	0.0013425931678826895
25.0	59.0	53.0	55.0	1.82349	0.003606247003687275
18.0	27.0	24.0	25.0	3.3567	0.002056902022704817
23.0	32.0	24.0	25.0	7.09367	0.0010861719082095119
20.0	54.0	32.0	36.0	0.182017	0.03419634065066534
20.0	54.0	36.0	40.0	0.153551	0.04049610413549231
23.0	32.0	27.0	28.0	1.72115	0.0038079376262159788
20.0	54.0	40.0	44.0	0.206934	0.030104541117496844
35.0	60.0	38.0	41.0	3.11652	0.0021989113253033554
20.0	54.0	44.0	48.0	0.453402	0.013856251267290724
5.0	23.0	17.0	19.0	1.254	0.005146696913006779
16.0	59.0	51.0	54.0	1.19404	0.0053943864223817035
22.0	49.0	31.0	34.0	0.287791	0.021706635991933714
2.0	20.0	14.0	16.0	1.22909	0.0052466635096455085
20.0	54.0	48.0	52.0	1.50723	0.004317990900618035
13.0	49.0	33.0	37.0	0.22286	0.027968522008890127
21.0	30.0	25.0	26.0	1.6654	0.003928238835015889
21.0	30.0	27.0	28.0	3.90924	0.0017964538817253591
15.0	51.0	43.0	47.0	1.81126	0.003629150652493915
21.0	39.0	23.0	25.0	3.87884	0.0018088544556344123
21.0	39.0	27.0	29.0	0.684028	0.009256722318312514
21.0	48.0	24.0	27.0	2.58095	0.002610751902151039
14.0	50.0	22.0	26.0	0.532436	0.011831248970968723
21.0	48.0	27.0	30.0	0.740379	0.008568488424224982
4.0	22.0	16.0	18.0	1.27588	0.005062110160346455
21.0	48.0	30.0	33.0	0.301363	0.02073871677315974
31.0	56.0	46.0	49.0	0.327395	0.01910676258371753
2.0	47.0	27.0	32.0	0.175996	0.035358903066793144
5.0	23.0	19.0	21.0	3.73596	0.0018698404008470656
22.0	49.0	28.0	31.0	0.730872	0.00867715862731631
12.0	39.0	18.0	21.0	0.558134	0.011296369617452305
21.0	48.0	36.0	39.0	0.324794	0.01925805693475393
4.0	31.0	16.0	19.0	0.188756	0.03298310506603627
19.0	28.0	22.0	23.0	1.74697	0.0037548229582846644
21.0	55.0	25.0	29.0	1.82445	0.003604462167830314
19.0	28.0	25.0	26.0	3.58689	0.0019386473618030963
24.0	33.0	25.0	26.0	7.98888	0.0009884638354684665
24.0	33.0	30.0	31.0	4.05489	0.001739620764293888
21.0	55.0	33.0	37.0	0.17903	0.034763310363627495
21.0	55.0	41.0	45.0	0.210775	0.02955984314651906
22.0	31.0	25.0	26.0	1.85708	0.0035448936360211315
22.0	31.0	27.0	28.0	2.21147	0.003011150633274026
22.0	40.0	36.0	38.0	4.193	0.0016893768360642738
22.0	49.0	25.0	28.0	2.66757	0.0025329329883511105
22.0	49.0	34.0	37.0	0.238257	0.026174942161753124
22.0	49.0	43.0	46.0	2.46348	0.002725029403960849
22.0	56.0	26.0	30.0	1.85063	0.0035565020237297885
22.0	56.0	30.0	34.0	0.387665	0.016169552861667894
22.0	56.0	38.0	42.0	0.14513	0.04283341363384127
22.0	56.0	46.0	50.0	0.417151	0.015041762495834804
16.0	25.0	19.0	20.0	1.44498	0.004494781997739488
23.0	32.0	26.0	27.0	1.88801	0.003490329483037176
21.0	55.0	37.0	41.0	0.146654	0.042390523240849014
24.0	33.0	29.0	30.0	2.24609	0.002968040312140469
23.0	32.0	28.0	29.0	2.21572	0.0030057858102375463
23.0	32.0	29.0	30.0	3.77359	0.0018533306815528385
14.0	41.0	17.0	20.0	2.34906	0.0028473279218474046
23.0	50.0	35.0	38.0	0.232816	0.026781654231064475
23.0	50.0	38.0	41.0	0.306484	0.020395775750017216
23.0	50.0	44.0	47.0	2.45836	0.0027302586351198232
5.0	41.0	25.0	29.0	0.224143	0.027809655719906626
25.0	43.0	31.0	33.0	0.640189	0.009875936583492602
35.0	44.0	42.0	43.0	8.55685	0.0009370727274575781
35.0	44.0	37.0	38.0	3.46933	0.001997080378571548
6.0	33.0	18.0	21.0	0.171052	0.03637470704475917
23.0	57.0	27.0	31.0	1.85511	0.0035484305813573455
31.0	40.0	32.0	33.0	7.15544	0.0010786447217056296
26.0	35.0	27.0	28.0	8.06478	0.0009811772216268275
26.0	35.0	32.0	33.0	3.56251	0.001950448447168272
23.0	57.0	35.0	39.0	0.169907	0.03661839185532445
24.0	33.0	27.0	28.0	2.01531	0.0032833893830790705
24.0	33.0	28.0	29.0	1.82748	0.0035988410792271246
24.0	42.0	28.0	30.0	1.47016	0.004421467191963456
24.0	42.0	34.0	36.0	0.708196	0.008948136641400973
24.0	42.0	36.0	38.0	1.37601	0.004709337274902463
4.0	31.0	13.0	16.0	0.33803	0.018512371060412102
25.0	43.0	39.0	41.0	4.01625	0.0017542964939481558
33.0	58.0	45.0	48.0	0.249518	0.02500330858377345
24.0	51.0	27.0	30.0	2.88673	0.00235689690288431
24.0	51.0	33.0	36.0	0.292584	0.02135455542996369
15.0	42.0	18.0	21.0	2.23167	0.0029858341869928376
24.0	51.0	36.0	39.0	0.23531	0.026500071742425895
24.0	51.0	42.0	45.0	0.743809	0.008529963570353004
15.0	42.0	27.0	30.0	0.288432	0.02165887209188428
24.0	51.0	45.0	48.0	2.52231	0.0026664676943259536
26.0	44.0	32.0	34.0	0.632155	0.009998726426310596
31.0	56.0	49.0	52.0	0.602115	0.01048688318365334
8.0	17.0	15.0	16.0	7.06999	0.0010890923887608974
24.0	58.0	44.0	48.0	0.201829	0.030860577553796988
24.0	58.0	48.0	52.0	0.355565	0.017609981793534832
30.0	48.0	32.0	34.0	4.38185	0.0016258002766965827
24.0	58.0	52.0	54.0	1.66399	0.003931385947323006
22.0	56.0	34.0	38.0	0.175609	0.035436353490646284
25.0	34.0	26.0	27.0	7.78039	0.001009211077131474
25.0	34.0	31.0	32.0	4.0551	0.0017395417690307788
26.0	35.0	29.0	30.0	2.12903	0.003119452901097745
25.0	34.0	28.0	29.0	2.1401	0.0031044251437552803
2.0	54.0	32.0	38.0	0.137539	0.045185635781150965
25.0	34.0	30.0	31.0	2.35791	0.002837445023288716
25.0	43.0	27.0	29.0	4.56011	0.001570620050352723
2.0	11.0	6.0	7.0	1.41688	0.004579675375704328
25.0	43.0	35.0	37.0	0.686935	0.009218455891727604
26.0	44.0	38.0	40.0	1.33396	0.004851035367412378
25.0	43.0	37.0	39.0	1.37351	0.004717519077439847
5.0	50.0	30.0	35.0	0.167138	0.037221505125091994
25.0	52.0	31.0	34.0	0.673303	0.009400759718128007
25.0	52.0	34.0	37.0	0.29675	0.021057771510516916
25.0	52.0	37.0	40.0	0.234067	0.026639661308402323
25.0	52.0	40.0	43.0	0.327665	0.019091194897530365
25.0	52.0	43.0	46.0	0.778657	0.008157801046801156
9.0	61.0	51.0	55.0	0.874504	0.007287172440752718
13.0	31.0	27.0	29.0	5.35964	0.0013682779627524919
25.0	59.0	29.0	33.0	1.89286	0.003481935243547984
25.0	59.0	33.0	37.0	0.371943	0.01684398337422935
9.0	18.0	12.0	13.0	2.03364	0.003255725768157563
25.0	59.0	41.0	45.0	0.147672	0.04209977432145113
9.0	18.0	16.0	17.0	7.15928	0.0010781810741944105
25.0	59.0	45.0	49.0	0.198925	0.03130796735321736
25.0	59.0	49.0	53.0	0.339998	0.0184064564465289
31.0	40.0	33.0	34.0	3.93014	0.0017880397688833977
26.0	35.0	28.0	29.0	3.54859	0.001957259115318757
26.0	35.0	33.0	34.0	9.0112	0.0009006261807312841
6.0	33.0	24.0	27.0	0.736085	0.008617223582559026
26.0	35.0	30.0	31.0	1.87898	0.0035060737956226933
3.0	55.0	33.0	39.0	0.135546	0.04584687275752919
26.0	35.0	31.0	32.0	2.30531	0.002897298803793214
26.0	44.0	28.0	30.0	4.85235	0.001488928973255596
26.0	44.0	30.0	32.0	1.50829	0.004315106843316732
26.0	44.0	34.0	36.0	0.518401	0.012145764124794086
